T0
0 240 52 181 230 264
1 39 249 89 171
2 176 130 214 7 8 105 154 236 140 110
3 54 169 25 156
4 225 210 276 261 264 188 124 175
5 128 112 82 230 236 109 77 190
6 163 182 231 202 11 172 14 222 191
7 137
8 145 52 85 70 155 205 61 254 63
9
10 208 128 114 179 107 219 79
11 133 279 249 169 77 253 125 269 126
12 16 245 87 184
13 97 242 147 213 152 175 111
14 227
15 147 229 245 86 217 221 191
16 162 226 19
17 113 161 177 114 194 148 23 247 264 171 158
18 123 93
19 22
20 19 36 134 39 24 264 170 221
21 51 276 132 164 39 120 88 108 221
22 225 275 19 212 249 26 110
23 165 37 246 87 248 121 169 251 235 28 30 94
24 116 5 219 238
25
26 273 98 147 53 167 57 92 79 111 143
27 35
28 12
29 161 83 52 276 39 23 186 123 157
30 226 3 6 44 13 174 81 274 243 276 149 87 120 58 122 251
31 242 178 115 227 197 165 246 263 152 233 142
32 272 192 244 185 108 28 268 269 29 13
33 99 245 254
34 130 66 247 152 232 136 28 111
35 36 44 77 206 16 180 118 22 279 91 252 221 30
36 256 267 77 31
37 209 216 11 13
38 17 121
39 162 69 262 279 105 234
40 85 165 248 174 110 47
41 97 20 166 72 271 255
42 177 147 148 132 165 234 155 77 142 46
43 126 62
44 131 68 133 168 73 219 222
45 208 228 239
46 272 163 3 197 165 199 103 89 122 220 188 31
47 34 163 179 53 138 171 12
48 242 67 166 71 200 122 43 75 190 95
49 148 150 39 25 26 14
50 262 250 235
51 35 150 166
52 208 243 70 170 60 238
53 180 250 234 187 30 207
54 32 97 20 117 101 135 120 153 265 44 269 95
55 64 261 149 123 237
56 16 49 129 117 6 105 60 92 13 77 61
57 82 244
58 275 84 230 123 125 127
59 176 50 11 237
60 85
61 161 258 133 230 39 266 171 45 237 174 48 144 240 81 146 51 118 184 218 191
62
63 3 212 166 86
64 195 214 22 232 56 217 73 170 91 108 173 61
65 81 275 163 148 216 153 105
66 0 161 138 11 268 207
67
68 235
69 193
70 211 131 53 152 72 185
71 40
72 149 38 43 236 126 239
73 144 39 215 221
74 113 36 37 230 6 166 103 8 28 93
75 97 2 99 37 104 9 44 175 79 114 84 277 95
76 129 130 92 206
77 260 70 232 58
78 2 230 7 247 152 234 11 61
79 192 225 179 133 247 151 106
80 164 182 38 55 135 184 174 238 159
81 18
82 1 129 135 137 249 124 207
83 260
84 272 66 140 254
85 256 193 129 49 3 101 183
86 196 198 154 251 75 46
87 211 89
88 32 67
89 119 39
90 93 222 175
91 76
92 4 108 78
93 162 258 163 9 121 201 26 189 158 238 14 63
94 192 32 130 66 262 76 269 109 240 275 245 118 215 185 31
95 52 85 277 71 136 185 11 252 79
96 98 274 85 54 22 151 185
97 169 234 158
98 16 161 134 218 203 207
99 232 267 44 78 95
100 195 244 196 70 122 187 29 93
101 225 18 2 259 213 6 217 62 47
102 97 210 181 122
103 208 277
104 17 109 95
105 176 145 228 218 252
106 201 45 158
107 5 249
108
109 38 230 137 57 236
110 240 0 100 4 132 149 141 174 30
111 163 132 260 86 230 267
112 161 3 59 44 92 174
113 21 200
114 68 25 75 267
115 131 195 99 6 230 263 265 43 139 49 87 56 26 29 159
116 277 69 102 88 202 188 189
117 67 228 36 4 149 154 106
118 243 8
119 23 252 47
120 188
121 1 131 244 37 104 89 105
122 112 73 191
123 0 144 265
124 273 216 153 205
125 129 193 198 232 201 76 141 240 112 113 115 52 86 152 249 30
126 0 35 68 37 234 10 12 237 270 78 111 239 240 208 50 53 61 189
127 224 112 101 22 7 190
128 176 193 194 2 211 228 165 278 202 123 46 126
129 33 211 21 219 60
130 24 169 235 174
131 182 55 264 237 31
132 256 162 51 87 10 124 142
133 16 114 184 75
134 271
135 97 2 22 167 248 233 44 28 60 269 79
136 113 115 211 243 197 185 186 94 47
137 154
138 80 156 206 255
139 144 161 163 69 233 76 109 47
140 162 147 9 43 60 125
141 210 194 98 83 228 89 41 73 9
142 99 199 40 105 107 78 271 275 147 245 185 25 154 27 123 28 61 255
143 272 49 65 50 84 86 247 88 73 234 77 190
144 201 42 171 237 47 177 145 18 151 248 88 185 156
145 241 40 42
146 82 275 13 157
147 131 10
148 144 49 161 66 227 132 150 217 265 201 154 93
149 261 39 9 74 47 177 210 51 147 84 88 57 63
150 181 42 252
151
152 19 53 261 181 230 155
153 246 103 239 255
154 146 3 166 233 143 111
155 1 148 68 71
156 7 154
157 192 209 5 246 278 199 279 251 142
158 35
159 234
160 81 83 54 39 151 26 59 236 221 222
161 117 73 124
162 240 147 8 137 154 77
163 192 209 3 6 59 156 204 92 28 158
164 18 39 60
165 272 81 161 196 230 23 168 57 122 203 125
166 240 263
167 73 251 223
168 215
169 33 101 229 135 40 140 221
170 161 45
171 199
172 19 69 167 23 91 31
173 67 51
174 275 94
175 96 160 115 53 21 181 278 234 30 158
176 256 145 66 243 99 216 218 12 156 14
177 35 131 70 167 111 143 144 209 212 56 219 28 95
178 96 5 200 234 42 237 141 47 176 273 114 121 223
179 32 196 56 60 271
180 241 193 213 140
181 98 274 104 232 58 236 77
182 247 170
183 48 112 163 83 268 175
184 80 20
185
186 227 7 71 106 266 107 174 110 275 246 250 91 30
187 116 158
188 162 135
189 128 146 259 164 278 23 9 57 170 10 111
190 128 64 48 195 213 119 231 185 233 171 46 95
191 14
192 197
193 215 190
194
195 251 60 204 157
196 256 229 234 11 203 46 177 113 178 276 21 245 23 120 61 31
197 96 195 67 196 199 8 105 107 76 54 152 88 223
198 148 101 200 29
199 228 122
200 115 59 77 61
201 1 99 228 232 27 205 45 46 206
202 219
203 212 188 44
204
205 224 227 233 73 11 108 175 245 181 118 247 121 59
206 256 34 180 246 38 262 167 137 9
207 67 279 216 41 123
208 145 39 254
209 96 4 73 139 205 270 111 22 119 186 188 29 94 63
210 72 141 125 191
211 82 278 230 183 235 79
212 256 128 65 258 66 229 106 269 270 79 112 179 216 126
213 177
214 67 184 170 139 28 126 47
215
216 227 150 103 40 184 27 206
217 241 20
218 33
219 72 185
220 161 209 225 34 56 173 47 15
221 39 78
222 23 105 157
223 160 97 227 164 69 38 135 202 139 80 180 251 159
224 0 222
225
226 241 227 249 14
227 65 193 118 183
228 278 119 186 268 30
229 194 163 118 122 43 108 238
230 22 141
231 147 71 216 140 45
232 194 82 181 251 156 109 93 15
233 87 154 236 191
234 85 106 42
235 257 49 5 198 199 120 76 205 222 158 175 95
236
237
238 23
239 102 86 237
240 195 149 22 188
241 224 203 45
242 82 99 232 248 91
243 195 36 214 198 7 8 185 30 207
244 24
245 67 10 46 207
246 161 3 5
247 256 64 65 98 4 101 265 201 138 107 236 172 142 272 22 279 92
248 258 104 41 220
249
250 144 147 102 70 71 279 185 217 218 203 77 127
251 97 178 3 244 6 215 107
252 72 46
253 144 273 259 248 124 94
254 244 53 262 135 152 46
255 257 259 22 169 74 237 30 223
256 278 137 124
257 151 153
258 163 158
259 0 160 1 97 193 6 105 233 108 46 48 56 249
260 274 148 266 170 189 237 270 223
261 193 215 10 109 270
262 38 70 39 72 136 74 95
263 162 265 9 202 139 235 205 110 17 243 115 276 245 118 219 125 158 159
264 163 142
265 81 99 3 181 151 204 108 238
266 166
267 112 240 50 194 3 4 197 101 69 238 175
268 262 62
269 27
270 226 3 123 93 13 175
271 251
272 208 163 20 117 21 123 124 29 94 206 62
273 209 181 197 135 90 173 14 79
274 99 3 236 93 45
275 32 81 68 230 215 183 89 12 220
276 227 147 149 250 221 142 191
277 2 181 85 38 71 72 269 206 143
278
279 163 247 215 136 10 203 27 220
T1
0 3 77
1
2 219
3 101
4 145 33 115 91
5 260 7 185 123 188
6 160 80 147 26 171 76 158
7 258 242 195 227 164 85 167 172 207
8 226 227 120 91 253 93
9 148
10 124
11 241 225 130 28 268 269 207
12 85 118 76 220 45 173 158 271
13 195 246 106
14 55 136 11 124
15 61
16 2
17 58
18 37 10 218
19 88 94
20 16 48 116 120 217 205
21 170
22 273 98 258 216 106 26 108 157 15
23 271
24 144 64 275 244 213 70 14 126
25 132 217
26 230 40 24 249 105 78
27 256 34 245 90 266 186 62
28 225
29 116 228 21 54 71 152 58
30 224 84 228 117 167 251
31 64 258 35 119 7 215 152 138 10 187
32 1 3 228 165 71 40 201 235 139 80 176 277 246 24 61
33 164 149 202 26 203 12
34 211 163 168 8 27 109
35
36 113 274 226 119 251 235 220 158 255
37 192 185 265 218 42 31
38 18 178 130 3 163 36 245 262 246 7 27
39 88
40 153 90 188
41 227 234
42 261
43 256 113 146 178 37 215 185 138 234 188 172 127
44 0 16 115
45 100 149
46 131 259 228 199 264 104 72 265 170 43 268 12 172 173 112 19 54 55 217 61
47 225 82 147 165 158 207
48 1 161 100 68 69 200 76 82 179 52 20 181 215 216
49 225 210 131 244 22 262 119 266 27 126 271 31
50 85 7 183 120 203
51 144 274
52
53 97 134 151 169 154 30 47 63
54 1 164 276 85 182 135 199 93 125 110
55 97 68 42 202 49 23 185 217 250 154 28 124 158
56 260 148 262 74 235 223
57 154 155 157
58 112 115 69 201 11
59 227 99 243 211 115 68 149 38 216 88 237
60 14
61 98 115 59 95
62 50 82 229 78
63 68
64 129 81 250 58
65 144 239
66 32 258 68 36 199 135 234 170 43 237 143 272 176 209 242 20 217 26 123
67 97 164 149 262 247 202 107
68 247 78
69 81 15
70 74 76
71 146 57
72 44
73
74
75 178 233
76 257 210 146 195 198 269 270 62 222
77 80 178 22 138 91 252 143
78 276 155 237
79 88
80 245 199 44 159
81 52
82 80 144 129 179 245 10 269
83 208 274 228 277 278 55 218 90 223
84 167 25 155
85 150 156
86 225 131 53 41
87 52 9
88 205
89 144 113 145 276 5 7 26 207
90 178 246 265 10 61 238 15
91 208 128 18 148 5 40 56 10 42 267 270 159
92 48 240 179 213 215 104
93
94 161 147 262 9
95 162 247 248 267 157 126
96 236 109
97 273 213 71
98 257 37 262 231 103 10 42 234 12 269 244 149 152 220 253
99 51 230 122 188 156 190
100 224 105 106 10 235 176 213 246 56 88 249 60 126
101 133
102 50 263 61
103 37 138 203
104 84 135 187 11
105 32 129 241 34 180 4 185 239
106 112 50 2 131 181 101 135 235 140 239
107 227 43 156 140
108 112 160 114 277 105 89 57 93 142 207
109 208 61
110 6 182 103 186 203
111 117 5 61 125
112 65 164 134 232 107 111
113 83 227 260
114 20 85 12 127 143
115 16 20 268
116 102 265 123 204 238
117 148 216 123
118 229 72 232 137 141 78 30 142
119 19 180 21 120 190
120 147
121 67 266 94
122 59 92
123 64 128 17 133 278 134 28
124 129 66 212 100 37 182 39 152 217 171
125 81 82 8 41 89 202 156 269
126 240 16 214 88 25 170 156 142
127 201 266 189 270
128 17 118 232
129 97 258 85 140 238 255
130 53 154
131 193 34 66 261 69 102 43 237 208 49 151 91 223
132 22
133 163 4 101 105 43 175 178 82 115 52 21 213 214 118 91 222 62
134 176 199
135 225 34 195 265 74 142 207 48 211 216 121 91 63
136 5 269 157 223
137 164
138 48 145 274 83 180 101 118 279 153 251 45 205
139 1 82 248 264 124
140 179 213 45 95
141 162 248 271
142 262 26
143 79 223
144 192 241 177 227 229 261 166 154 174 159
145 33 65 51 44 14 207
146 144
147 90 141
148 66 20 185 172 29
149 50 212 245 23 7 93 238
150 64 274 117 151 250 92 61 94 63
151 137 139
152 108 238
153 65 131 262 135 80 146 210 276 244 85 279 158 223
154 146 3 243 116 36 87 233 123 93
155 194 35 150 27 123
156 67 179 23
157 144 257 258 3 135 88 73 185 155
158 176 51 212 5 230 278 121 11 191
159 128 145 210 261 264 41 75 254
160 53 141
161 176 98 130 168 106 171 269 173 142
162 49 194 275 262 169 202 252
163 256 257 33 2 243 227 182 278 248 142
164 227 166 135 8 201 170 108 142 47 177 273 49 178 243 115 117 86 278 252 255
165 66 52 21 117 118 167 126 238 174 190 79
166 193
167 193 168 152 186 28 252 238 14
168 49 187
169 147 246 188
170 67 166 199 186 76 61
171 19 180 85 101 104 24 89 74 140 127
172 276 23 43
173 129 136 74 107 175 207 82 21 54 214 247 26 187 63
174 128 100 118
175 0 258 230 279 24 76 92 110
176 178 150 266 221 253
177 130 127
178 193 162 98 52 58 95 143
179 108
180
181 193 226 247 153 171 221
182 179 259 68 69 134 183 152
183 145 178 230 215 121 155
184 230 182 231 183 248 27 61 78 143
185 180 20 167 105 89 170 189
186 25
187 203 124
188 17 34 5 267 95
189 82 261 78
190 178 2 104 186
191 256 66 35 243 131 276 121 41 171 158
192 64 166 134 278 247 23 103 11 204 220 79 15
193 129 82 20 279 168 44 223
194 1 260 196 228 248 216 185 139 158
195 160 0 194 137 43 205 174 239 16 241 114 82 24
196 179 213 277 232 40 168
197 67 279 46
198 78
199 275 35 149 119 103 120 236 141 254 271
200 177 180 121 73 169 91 11 123 78 222 95
201 272 96 166 200 105 29 30
202 100 106 204 189
203 208 230 170 127
204 17 113 227 117 251 124 143
205 250
206
207 160 24 8 137 78 31
208 177
209 24 154 155 172 15
210
211
212 144 241 74 108
213 193 66 178 115 51 181 9 235 268
214
215 256 178 36 197 213 7 167 236
216 40 31 191
217 176 81 242 100 196 212 40 139 11
218 257 162 83 248 45 94
219 243 88 89 169 139 45
220 113 129 99 19 54 105
221 195 55 138
222 48 64 210 37 245 246 168 203 220 206
223 215 24 121 153 266 74 202 107 159
224
225
226 0 137
227 144 243 52 167
228 96 32 225 113 36 254
229 16 107 78 46
230 252
231 275 212
232 96 19 86 105 93
233 1 97 258 131 4 71 200 169 49 183 56 152 186 252 31
234 247 140 63
235 256 152 106
236 66 27
237 40 201 205 127
238 240 176 66 229 167 183 55 200 47
239 66 227 36 166 136 233 237 78 47 112 115 85 86 279 153 89 91 30
240 17 257 164 100 38 54 183 248 139 191
241 96 225 210 243 35 116 54 86 218
242 208 18 22 38 262 265 28 127
243 64 144 193 17 2 233 26
244 128 32 113 66 259 263 7 157 14 142
245 227 220 141 93
246 4 168 43 76 268 44 239 111 242 274 210 243 247 185 249 253 157 126 191
247 1 68 167 136 106 42 107 75 237 14 146 117 213 22 118 55 186 255
248 226 35 276 53 217 41 89 187 203 31
249 13 223
250 224 130 34 228 5 263 136 106 207 271 112 177 185 125 221 29 190
251 179 100 90 75 92 110
252 246 216 268 44
253 128 132 100 213 54 74 219 251 60 46
254 32 97 98 35 260 279 234 78
255 130 5 135 263 266 156 175
256 184
257 233
258 16 225 67 21 88 90 171 61
259 176 83 117 90 238
260 233
261 49 50 23 136 40 121 170 91 28 269 189
262 50 149 279 232
263 33 132 148 277 150 215 218 127
264 162 51
265 82 249 12
266 240 6 201 107 237
267 240 146 226 52 247 151 264 265 122 159
268 96 146 38 214 10 76 238
269 247
270 275 20 212 276 136
271 176 257 170 157 62 30 143
272 163 8 200 202 267 172 269 45 16 179 19 116 244 90 218 191
273 195 84 101 262 279 184 185
274 145 276 244 13 31
275
276 98 52 100 54 107 59 156 93
277 200 31
278 182 41 60 205
279 273 227 163 84 245 156 125 110
T2
0 160 229 248 25 221 206 271
1 130 227 244 248 223
2 58
3 37 231 279 151 168 59 27 174
4 66 154
5 129 33 130 194 68 271 144 145 210 211 22 94 159
6 120 248 11 13
7 64 2 53 185 137
8 230 22 169 186 77 190 127 15
9 197
10 261 24 204
11 257 225 17 54 38 231 39 120 234 220 205
12 81 51 36 261 21 200 248 217 28 268
13 33 227 68 196 36 71 136 72 41 74 236 272 242 211 83 120 58 61
14
15 230 278
16 2 84 38 151 26
17 48 180 85 149 219 76 140 29 61 222
18 250 107 28 12 93
19 113 82 83 38 167 135 186 94 30 127
20 225 243 179 117 54 62
21 225 163 197 184 153 73 170 237 254
22 226 85 214 6 152 221 15
23 32 67 214 7 9 203 13
24 18 23 106 27
25 258 134 154
26 240 81 198 22 278 71 89 185 123 78 271
27 35 116 21 37 213 277 262 182 139 107 271
28 277
29 259 151 121 186 78 238
30 113 2 130 162 260 69 261 186 123
31 146 36 260 86 278 183 87 170 74 205 79
32 64 225 36 12 173 77 145 274 148 57 153 219 123 254
33 211 83 276 135 220 269
34 51 84 234 237
35 2 147 164 116 277 165 134 118 232
36 230 152 8 216 186 12 205 223
37 50 115
38 225 262 198 167 169 203 108 206 176 272 177 146 115 179 249 156 94
39 56 42
40 130 4 133 101 27
41 211 6 70 26
42 130 186 254 15
43 256 129 130 3 40 169 266 12 14 240 49 210 178 87 252
44 209 65 81 193 180 85 55 88 90 236 13
45 145 17 65 226 258 243 68 117 23 247 104
46 265
47 4 186
48 274 85 118 218 125
49 1
50
51 198
52 130 95
53 64 195 84 229 135 136 157 78
54 49 106
55 128 48 28 126
56 240 96 213 183 136 265 74 63
57 130 3 61 238
58 66
59 178 168 76 205 207
60 2 98 194 163 196 134 264 74 76 146 115 180 86 189
61 160 229 199 91
62 16 145 34 98 4 248 168 14 174 95
63 118 188
64
65 32 52 165 197 158
66 209 275 198
67 147 149 181 21 37
68 208 209 238
69 148 213 246 183 136 42 266 203 13
70 229 22 86 26 191
71 226 147 40 72 264 59 63
72 275 166 71 237
73 48 212 260 101 215 170 60 92
74 176 1 133 182 6 278 54 232 122 15 111
75
76 113 146 134 87 199 249 169 250 127
77
78 128 162 99 195 132 196 86 6 231 105 140
79 97 241 51 52 102 120 203 141 30 270 78 206
80 19
81 1 274 132 117 125 46
82 83
83 107
84 0 241 226 147 228 150 202 58 267 140 125 63
85 100 87 88 201 59 268 46 143
86 210 100 196 233 25 220
87 262
88 129 99 262 248 153 172 238
89 113 131 227 37 155 61 110
90 261 118 119 58
91
92 35 115 116 263 167 72 137 44 222
93 240 182 252
94
95
96 48 3 195 163 244 133 262 198 89 236 221 14
97
98
99 51 196 37 117 23 25 249 221 15
100 240
101 22 262 39 169 90 250 236 78
102 153
103 33 257 130 35 163 198 106 46 206 275 117 215 184 154 28 189
104 272 163 179 278 198 120 185
105 107
106 208 274 217 77
107 75
108 150 169 76 140 172
109 2 245 8 218 92
110 208 258 114 35 164 118 152 267 252 76
111 99 37 167 103 168 108 47 241 50 18 53 215 250 61 125 30
112 131 4 228 88 219 187
113 116 68 277 250 28 13 78 271
114 120 270
115 48 208 257 24 89 171
116 244 69 165 181 8 105 218 156
117
118 64 80 275 182 216 172 157
119 211 188
120 195 83 247 248 265 139 252 12
121 181 92 175
122 213 203 12 204 207
123 258 115 78
124 192 132 197 7 199 216 137 140 92 60 46
125 54 86 103 57 41 47 207
126 276 132
127 257 99 21 78
128 164 10 12
129 135 8 264 265 10 109 271 79 240 88 251 127 223 95
130 160 18 95
131 177 99 6 54 86 28 13
132 247
133
134 101 149 102 104 25 140 269 254 62
135 3 195 197 166 39 8 105 107 110 111 239 272 80 211 180 23 248 58 123 93 253
136 160 32 128 193 33 65 6 166 262 167 12 53 60
137 112 130 25 235
138 65 129 49 196 20 101 213 263 137 170 218 238
139 257 226 157 221
140 64 258 98 55 167 263 168 88 42 108
141 192 240 227 20 40 9 250 106 139 142 175
142 257 227 51 276 135 183 27 14 254 175
143
144 193 58 46
145 192 273 65 130 214 217 57 186 124 253 125 15
146 1 134 55 87 169 249
147 264 173 15
148 96
149 33 194 102 73 140 44 204 14 49 210 147 148 219 187 92 190
150
151 18 82 50 119 201
152 26
153
154 272 129 195 38
155 211 260 150 14
156 197 87 247 234 190
157 240 256 192 130 34 68 279 139 252 76 255 271
158 51 182 247 104 42 111 271
159 96 6 106 207
160 192 277 6 251 94
161 225 162 260 133 102 150 188
162 256 195 36 7 266 174 111 79 182 56 248 185 223
163 8 25
164 177 141 95
165 182 70 38 150 76 28 156 222 239
166 19 231 88 234
167 201 76
168 39
169 138
170 260 266 203 252 174 255
171 81 117 139
172 160 65 21 262 200 109
173 112 0 272 211 262 279 8 239
174
175 244 200 221 14
176 180 78
177 224 68 168 248 206 239
178 161 180 36 231 247 87 268 93
179 80 272 114 259 118 152 232 13 109 173 77 190
180 82 36 100 21 183 250 108 28 109
181 160 145 122 173
182 160 225 196 278 71 41 92 253
183 194 52
184 265 220
185 160
186 80 32 17 146 227 51 52 37 120 124 156 269
187 220 189 159
188 19 85 101 102 233 137 186 75 157 45
189 225 83 149 153 137 252 47
190 80 48 260 180 277 40 9 42 219 76 223
191 146 242 34 85 72 74 189 13 173
192 231 187 140 156 204 238 95 223
193 96 2 53 117 24 72 187 44 268 221 95
194 66 52 204 157 127
195 214 86 138 43
196 132 38 184 25 11 124 190
197 72 58 266
198 161 273 162 278 230 10
199 180 235
200 261
201 211 231 27 191
202 3 141 31
203 176 238
204 145 177 147 196 166 103
205
206 240 67 68 248 73 171
207 114 30
208 134 246 74
209 33 132 215 234
210 161 274 244 261
211 215
212 140 62 239
213 72 266 78
214 96 34 67 229 38 201 105 205 272 176 244 212 148 182 150 23 90 251 156
215 50 84 93 189 126 14
216 209 129 38 217 221 78 190 142
217 128 73 75 12
218 80 65 182 166 137 90 158 94
219 192
220 112 145 60 111
221 198 167 168 136 9 11 111 18 20 212 22 23 57 25 253
222 50 163 202 187
223 194
224 272 81 8 90 61 238
225 208 66 99 124 125
226 84 102 186 206
227 0 148 276 37 198 199 168 62 222
228 243 37 200 156
229 275 195 37 246 120 216 89 123 271
230 210 84 262 198 247 57 138 29 238 207
231 68 141 159
232 72 205
233 114 134 155 92
234 272 145 225 129 165 156
235 128 54 91 94 255
236
237 152 271
238 242 116 261
239 114 276 167 7 120 202 267 223
240 88 137 78
241 5
242 1 99 134 169 42 46 239 112 16 179 54 150 60 28 61 223 159
243 244 86 102 263 167 215 168 201 170
244 64 98 114 259 166 102 25
245 178 38 218
246 192 145 147 101 261 40 172 239 191
247
248 161 215 266 76 47
249 224 17 114 100 24 235 95
250 96 134 201 9 265 236 175 117 183 121 60 93 254
251 145 270 63
252 272 208 164
253 162 41 218 76 238
254 208 80 241 145 195 243 99 262 217 218
255 87 13 238 175
256 189
257 112 245 198 154 143
258 161 147 115 83 212 166
259 196 229 199 124 221
260 64 35 212 22 73 45 127
261 51
262 169 271
263 114 36 182 247 220 159
264 241 54 86 55 140 175
265 16 1 102 214 279 219 44 60 31
266 226
267 232
268 24
269 224 83 198 248 8 141
270
271 86
272 67 244 5 245 102
273 103 47
274 212 264 57 75
275 209 34 152
276 54 203
277 32 54 137
278 66 51 213 216 253 31
279 29
T3
0 6 279 57 63
1 129 162
2 243 116 59 172
3 205 175
4 226 259 84 27 251
5 209 17 227 67 4 7 29 111
6 176 225 177 35 259 101 229 39 26 91 205 255
7 226 130 5 197 42 139 77
8 229 262 23 122 123 156 94
9 226 212 68
10 20 31 271
11 17 276 70 71 56 57 41 63
12 113 226 243 68 24 105 233 61
13 128 2 35 37 231 42 112 146 19 86 218 186 219 28 189 31
14 144 193 258 130 166 215 183 173 109 126
15 192 81 84 222
16 256 97 145 199 119 72 189
17 49 103
18 52 265
19 256 0 42 13 46
20 130 69 237 16 144 242 278 23 88 89 188 220 221
21 30
22 194 51 132 69 150 264 56 171 271
23 224 208 160 210 179 276 166 151 200 251 222 191
24 248 264 253
25 85 53 198
26 113 134 232 74 250 239 223
27 160 135 89 74 142
28 246 72 42 74 76
29 228 70 234 189
30 166 31 191
31 208 147 264 105 59 156
32 2 21 174
33 203 78
34 139
35 128 193 148 277 85 119 168 41 121 172 108
36 42 239
37 0 256 128 160 273 81 118 201 108 95
38 49 146 179 245 266 110
39 160 226 5 218 74 254 63
40 32 2 227 276 261 278 234 186 250 140 270 110
41 69 203 78
42 81 34 104 234 205 29 111 271
43 210 132
44 65
45 208 229 173 93
46 96 4 139 12 110 49 114 51 23 250 91 60 30
47 240 209 145 134 123 107 77 238 158 142
48
49 272 35 200 27 126
50 18 2 202 236 77 126 191
51 20 89 26 205 94
52 160 194 3 230 266 44 108 14 112 148 212 278 248 91 251 158
53 272 86 200 172
54 243 53 154 78
55
56 147 52 183 249 90 219 172
57 17 177 101 85 133 278 121 156 269 191
58 55 158
59 141 46 47
60 18 122 269 94 127
61 176 34 19 191
62 130 132 185 234 202 189
63 59
64 178 164 134 104 28 173 62 175
65 215 238
66 128 274 213 169 106 234 255
67 232 200 266 142
68 272 21 5 6 87 75 93
69 260 232 25 154 12 77
70 64 257 198 71 88 57 169 9 74 45 270
71 272 177 148 120 137 74 92 252 108 270 255 127
72 101 117 263 74 78
73 160 193 162 114 83 228 133 37 70 123 204 221
74 143 111
75 128 242 83 54 250 43 44 157
76 99 4 245 183 215 103 199 200 74 207 95
77 112 82 89 41
78 144 257 147 166 167 202 250 187 28 205 223
79 65 279 264 190
80 271 191
81 240 34
82 149
83 102 233 156 207
84 59 125
85
86 160
87 147 163 72
88 56 44 93 142 255
89 193 229 104 141 77 270 206 110 15 145 273 242 243 148 246 250 221
90 114 102 151 9 235 173
91 0 197 262 118 55 104 249 235 29 143
92 164 133 22 56 155 127
93 50 196 155
94 272 97 230 104 233 218 74 15
95 53 15
96 114 90 111
97 21
98 105 217 189 175
99
100 7 232 111
101 66
102 19 164 181 108 12
103 69 71 120
104 228 263 236 188 76
105 67 179 7 152 42 202
106 160 146 244 277 149 183 136 267 44
107 101 229 141 78 145 178 147 84 118 249 250 219 222
108 273 131 133 249 250 154 271
109
110
111 49 228
112 113 133 134 55 152 120 232 106 154 267 31
113 179 6 124 254
114 274 35 164 86 135 234 43 223
115 49
116 32 65 258 146 276 52 229 117 136 169 154 95
117 209 98 262 70 24
118 112 3 36 40 93
119 80 195 86 103 250 91 236 220 156 206
120 227 244 133 232 168 170 43 78 222
121 256 3 155 28
122 193 50 226 277 37 152 29 253 45
123 208 212 171 11 175
124 99 245 200 121 203 219 236 159
125 227 101 6 199 200 42 268 172 79 86 153 26 158 191
126 93 175
127 241 115 199 251 108 173 223
128 160 50 233 26 124 109 173
129 4 89 255
130 67 7 141 14 207 47 111 144 81 21 57 188 125 159
131 227 84
132 50 211 35 37 133 120 186 203 171 125 126 30
133 128 177 100 116 262 264 186 10 203 237 45
134 208 65 145 161 37 232 153 12 95
135 0 196 120 267 223
136 69 229 29
137 163 166 119 215
138 147 247 239
139 66 227 260 103 152 123 59 124 15
140 144 160 7 279 104 220 222
141 28
142 2 243 57 89 73 250 31 239
143 256 82 69 197 26 207
144 180
145
146 9 153 59 190
147 192 261 230 8 155
148 104 11 255
149 12
150 209 1 49 23 264 232 266 155
151 244 4 24 202 76
152 162 194 229 102 109 141 239 177 49 116 89 126 190 159 255
153 224 258 35
154 130 186 251
155 187 253
156
157 51 179 276 23 25 169 187 91 236 237
158 257 242 105
159 132 22 25 221
160 0 3 259 231 73 265 28 45
161 64 102 41 42 267 144 243 180 247 58 26 187 125 94
162 241 24 12
163 83 276 152 169 202 60
164 162 165 278 268 30 238
165 241 275 182 230 136 237 142 15
166
167 81 257 18 36 105
168 65 146 131 196 250 139 109 141 110 255
169 39 265 28 60
170 176 81 145 178 37 6 102 56 76 220 204 47
171 112 114 164 196 52 41 42 110
172 99 164 198 9 142 239 208 20 244 215 23 153 89 58 219 156 252
173
174 261 222
175 193 65 226 19 37 149 200 201 30 95
176 224 165 246 150 40 41 155
177 81
178 149 198 6 103 41 92 157 110
179 176 82
180 16 241 113 65 275 125 47
181 33 115 51 118 88 187
182 258 194 130 133 8 168 169 41 266 204 17 241 211 57 27
183 275 132 149 233 10 187 171 30 238 111
184 209 33 99 148 37 136 90 27 204 12 175
185 131 180 125 223
186 82 50 195 134 253 127
187 144 65 50 21 5 198 11 125 222
188 14
189 242 98 36 134 199 251 60
190 178 148 101 269 253
191 162 258 229 198 7 169 75 145 273 178 114 147 52 149 24 156 31
192 129 178
193 84 135 152 188 253 125 141 190 254
194 214
195 34 212 22 171 92
196 156
197 112 50 228 101 11 268
198 273 181 53 123 156 204 61
199 56 40 184 10 127
200 36 120 184 185 122 43 45 141 269 77 15
201 112 145 51 164 149 8 24 95
202 212 4 264 201 41
203 114 50 20 109
204 104
205 192 65 193 258 260 4 102 136 40 141 77 270 78 50 179 244 182 184 154 58 27 124
206 148 262 168 121 159
207 193 177 274 85 55 215 221 205 174
208 0 177 194 35 180 118 119 152 206
209 43
210 64 279 105 25
211 151 55 104 205
212 160 48 67 83 4 101 54 199 126
213 36 70 7 169 137 234
214 1 197 134 58 221
215 272
216 258 114 131 121 15
217 2 163 229 166 199 202 173 114 118 119 87 26 123 222
218 211 219
219 272 218 252
220 148 261 165 85 157 222
221 64 33 18 83 164 198 103 44 13 191
222 145 19 276 101 278 70 137 253 78
223 64 66 242 59
224 176 97 257 35 4 71 254 190 79
225 138 159
226 141
227 16 1 258 163 244 216 25 237
228 176 271
229 83 179 148 157
230 80 167 120
231 146 275 4 263 265
232 164 102 169 266
233 17 9 265 221 94
234 208 256 80 258 58 11 253 221 157
235 50 162 275 212 53 12
236 177 210 132 87 167 123 252 253 63
237 65 66 135 9
238 100 164 165 5 120 9 154 186 58 158
239 214 236 60
240 72
241 114 18 86 263 269 206 31
242 48 17 181 197 74 204 173
243 257 2 35 261 167 39 7 72 233 234 267 268 204 174 111 150 151 27 157
244 83 51 212 151 135
245 97 7 236 95
246 209 193 211 152 249 203 63
247 98
248 128 149 198 60 46 79
249 209 102 221
250 19 212 118 39 11 140 141
251 32 37 118 27 158
252 37
253 96 113 115 72 137 26 155 219 12 157 207
254 160 81 114 262 73 137 106 221 205 14 143 255
255 47 111
256 215
257 176 98 249 234 94
258 195 245 9
259 1 198 24 271
260 278 151 218 59
261 71
262 192 97 81 118 6 23 249 254 111
263 183 7 136 184 74 190
264 205 223
265 167 87 122 108 220
266 272 209 165 198 87 72 254 255
267 208 139 268 45
268
269 80 152 249 11 126
270 49 52 150 136 217
271 2
272 128 257 161 194 228 70 38 106 43 45 144 177 18 275 116 181 56
273 49 164 73
274 136 252 270 78
275 145
276 113 130 259 51 88 201 139 189
277 161 82 150 38 24 25 185 45 239
278 35 236
279 17 212 136 154 31
T4
0 64 145 85 69 136 13 31
1 123 236
2 161 260 261 165 230 71 169 10 235 179 212 245 181 249 186 124 95
3 99 198 262 22 8 234 43 125
4 32 224 5 263 73 13 78 80 81 18 183 157 253 94
5 37 22 8 124 79
6 136
7 66 211 277 199 11 253 271
8 224 129 34 36 101 133 167 104 41 201 266 270 17 81 210 50 53 56 187 252 126 223
9 20 133 93 63
10 162 53 73 201 61
11 176 133 74 123 220
12 32 16 81 210 214 201 76 142 30
13 121 59
14 33 196 58 94
15 209 98 180 229 119 152 234
16 237
17 20 58 158 190
18 167
19 193 114 150 118 155 190
20 80 50 4 149 59 45 221
21 193 183 10 155 92 238
22 23 42 235
23 203
24 144 193
25 86 72 78
26 112 1 248 202 12 158
27 195 262
28 271
29 176 180 277 230 190
30 240 177 210 165 102 262 247 55 120 138 222 127
31 12 108 173 14 175 241 84 246 278 215 120 26 219 252 221
32 240 145 180 264
33 3 44 270
34 16 158
35 56
36 34 226 83 276 37 197 216 106 107 271
37
38 113 134 232 56 201
39 98 107 93
40 96 163 200 8 42 171 12 16 82 147 24 26 187 156
41 7 233 153 154
42 50 228 86 215 183 267 156 125
43 120
44 196 216
45 5 150 135 169 271
46 222 175
47 130
48 96 17 131 52 231 56 269
49 82 261 70 249 137 11 155 254
50 195 100 68 198 134 231 76 45 146 181 117 218 220
51 149 152 124
52 113 4 260 101 62 206 191
53 194 261 198 184 89 217 27 76 254 143
54 65 118 267 94 239
55 145 147 36 24 265 11 269
56 69 266 138
57 198 203
58 275 182 88 217 223
59 165 230 263 7 233 170 42 44 48 183 24 56 123 190
60 227 167 266 77 175 143
61 116 279 57 126
62 116 232
63 97 239
64 208 193 130 211 228 119 11 187 60 28
65 73 155 75 172 30
66 146 123
67 176 34 163 149 267 207
68 257 99 116 244 136 72 106 154 111
69 71
70 32 128 257 177 66 258 147 164 215 43 171 253
71 198 262 200 121 159
72 22 186 170 205 61 127
73 161 162 83 168 170 187 108 188 239
74 144 210 50 265 60 189 191
75 206
76 0 259 79
77 82 103 215 184 44 62 31
78 183 139 270
79 224 51 164 181 138 77 110 95
80 3 164 133 204 237 46 112 176 177 120 185 58 90 26 156
81 85 171 76 157 110
82
83 20 68 71 201 25 137 138
84 35 5 171 13 16 112 17 115 180 119 248 57 188 125 254 63 31
85 257 146 100 246 120 202 187 171 93 238 31
86 112 64 65 242 180 181 53 231 93 125 142
87
88 160 37 198 232 153 189
89 256 131 229 246 167 42 91 253 221
90 32 67 3
91 227 20 59 174
92 147 246
93 144 193 201 217 58
94 17 241 2 34 180 132 5 85 86 183 88 89
95 179 84 39 28 30
96 273 130 131 54 6 219 157 238 110 63
97 211 83 147 52 69 197 103 168 269
98 172
99 162 132 133 168 232 41 239 144 112 177 82 211 246 56 189
100 2 19 84 39 167 104 204
101
102 262 41 188 191
103 245 102 38 154 219 140
104 149
105 240 21 88 168 74 77
106 80 193 211 197 104 73 137 61
107 26 268
108 275 100 101 85 149 89 170 124 189 13 31
109 198 203 220
110 67 4 102 137 171 107 49 180 53 58 90 26 125 30 62
111 224 274 50 179 244 20 55 264 90 237
112 117 7 74
113 230 7 24 63
114 32 1 273 25 11 44 157
115 34 180 152
116 128 224 53 150 24 202 123 141
117 233
118 1 81 131 19 199 264 267 108 29
119
120 113 51 134 135 152 75
121 208 165 231 215 135 248 200 61 141 79
122 241 210 180 68 175
123 160 262 134 71 171 204 142 271 112 240 82 19 245 24 153 250 157 189 254
124 10 189
125 260 117 245 124
126
127 64 48 117 134 247 11 254
128 32 257 193 162 70 106 75 45 147 87 251 59 158
129 53
130 144 242 35 68 260 85 22 264 124 255
131 72 218 170 138 29 13 30
132 228 278 166 24
133 241 243 132 119 136 155 188 173 29
134 191
135 0 115 228 36 11 108 142
136 182 268 207 31
137 164 148 166 167 56 141 206 78
138 130 131 227 88 31
139 161 130 67 260 233 74 174 49 211 279 120 93 127
140 219
141 67
142 18 100 119 170 218 219 94 62 95
143 128 209 228 260 149 25 9 270 159
144 112 179 148 85 102 7 107 222
145 64 132 5 39 215 185 89
146 256 160 134
147 179
148 121 138
149 241 244 101 278 88 139 203 187 188 47 255 127
150 126
151 235
152 82 182
153 257 263 202 93
154 34 99 264 208 113 211 19 212 214 119 88 57 255
155
156 99 131 20 262 55 168
157 227 195 165 135 136 106 266 12 19 213 216 57 59 31
158 230 60
159 4 88 232 156 141 79 143
160 50 24
161
162 128 114 276 197 186 159
163 112
164 128 100 69 137 11 268 78 143 83 212 182 119 56 88 26 157
165 225 273 34 83 84 262 136 137 138 92
166 112 258 163 67 84 183 72 121 187 172 28
167
168 210 135 167 25 218 251 95
169 33 4 5 247
170 256 97 113 55 105 138 219 43 158
171 97 5 6 70 135 200 107 13 14 48 114 83 22 55 217 187 31 159
172 74 14 62
173 124
174 16 257 178 227 213 149 22 219 44 156 125 110
175 217 109
176 177 242 228 54 70 174 238
177 256 66 164 219 236 110 47
178 19
179 193 275 260 197 184 60 62
180
181 36 263 135 39 264 272 275 179 212 52 21 214 57 186 155
182 0 74 267
183 68 182 221 110
184 80 243 116 213 264
185 103
186
187 192 112 177 90 124
188 48 40 8 207
189 256 194 118 8 44 124 13 30
190 194 174
191 119 152
192 145 53 261 218
193 146 163 148 57 237 62 270 159
194 209 3 260 21 263 247 168 56 152 219 189 142
195 242 55 9 142
196 257 133 6 55 247 219 27 31 255
197 258 259 151 9 237 271
198 224 35 261 213 183 26 191
199 20 205
200 39
201 258 277 26 174
202 178 181 216 219 252 238 63
203 96 129 168 25 186 29 142
204 114 67 213 89
205 64 129 195 151 267 62
206 144 192 161 115 179 20 136 88 203 174
207 98 53 10 187 91 126
208 209 49 33 132 229 245 54 201 154 235
209 32 116 277 41 61 94
210 48 211 54 182 120 201 187 93
211 117 24 203 187 93 31
212 146 227 38 40 223 111
213 27 45 238
214 241 257 50 195 70 151 153 234 170 26 191
215 69 37 58 191 255
216 128 36 70 74 107 92
217 176 72
218 80 18 183 204
219 256 241 226 214
220 98 164 7 168 136 169 58 60 29 126 174
221 21 188
222 208 66 68 148 277 149 91 93
223 51 116 236 237 174 143 111
224 97 225 146 100 53 262 265 26 92 252 174
225 91
226 117
227 213 215 174
228 210 86 87 137 202 76 15
229 181 21 118
230 194 132 151 168 216 155 28 207
231 119 75
232 227 100 150 118 134 39 234 61
233 228 231 155
234 6 79
235 107 28
236 146 35 132 197 166 55 136 40 41 141 47
237 53 118 120 104 171
238 0 145 20 261 230 279 155
239 240 2 163 132 245 214 221 109 63
240 226 116 126
241
242 16 114
243 196 54
244
245 128 87 171
246 16 35 227 245 105 172 62 207 111
247 260 220
248 211 262 104
249
250 18 50 66 150 57 44 92 270 159 47
251 116 244 55 77 127 63
252 21 149
253 275
254 192 113 213 105 122
255 117 184 250
256 137 187
257 147 180 245 182 215 216 125 254 31
258 165 37 231 249 59 28 156 14 254
259
260 226 249
261 244 116 102 246 279 167 201 122 13 15
262 176 180 276 69 6 231 137 189 221 125 143
263 209 132 251 62
264 256 261 230 87 247 168 72 265 234 237 14
265 114 243 51 151 202 107 222 191
266 115 196 122 13 47
267 260 68 7 135 41 169 141 144 146 20 55 121 26
268 272 64 82 4 20 37 235 109
269 54 103 232 235
270 98 117 203 171 78 191
271 81 100
272 38 217 266 26 28 175
273 241 201 79
274 48 178 69 41 249 206 255 223
275 164 215 7 250 157
276 224 112 4 39 40 121 153 235 62 95 63
277 183
278 1 130 3 36 38 262 168 139 269 47 176 17 274 84 58 219 220
279 137
T5
0 260 232 25 185 237 238
1 215 233
2 224 198 71 105 60 44 12 159 111
3 163 54 263 135 121 105 185 221 189
4 160 244
5 131 53 135 186
6 208 177 81 258 100 248 27 238 14
7 128 200 153 74 42
8 21 216
9 160 51 276 197 118 153 138 12 142 62
10 181 85 134 55 27 77 46 62 207
11 81 51 99 278 70 134 103 120 88 105 237
12 0 278 170
13 263 95 63
14 71 9 154 30
15 193 82 2 211 100 247 71 216 203 140 28 29
16 160 257 35 7
17 225
18 178 3 132 52 182 102 87 250 235 187 255
19 49 22 186 205
20 96 101 73 169 236 45 238 239 147 117 22 216 153 155 94
21 150 71 135 263 236 172 206 127
22 243 185 154 157 189 95 127
23 183
24 276 38 200 57 122 170 188 77 238 223
25 206 270
26 46
27 115 58
28 80 22 135 24 92 46 79
29 224 193 230 87 41 137 218 170 77 95
30 209 3 148 68 199 234 74 202 76
31 226 132 118 88 248 106 266
32 1 196 6 103 249 44 142
33 132 25 31
34 241 90
35 224 87 90 107
36 211 263 41
37 102 279 248 251 45 125
38 241 81 34 4 153 30
39 1 161 35 244 56 25 265 73
40 32 211 232 170 30 14 255
41 115 229 88 216 266 220 13 143
42 65 146 167 56 267 143 271
43 209 108
44 108 156 223
45 128 32 19 62 15 95 159
46 258 226 74 157 79
47 97 34 210 4 260 22 39 122 188 31
48 112 246 231 72 122 252 61 237 142 158 239 111
49 168 169 30
50 129 257 81 98 20 134 44 174
51 225 260 111
52 67 132 75
53 275 228 168 104 41 251 75
54 257 33 66 259 164 266 111 272 82 243 249 28 220
55 185 15
56 276 135 265
57 178 114 116 217 234
58 192 74 78
59 199 107
60 144 164 69 38 138
61 254
62 80 48 194 165 261 264 25 75 108 12 237
63 49 242 262 278 39 184 216 170 154 61 255 271
64 112 225 257 179 149 7 88 104 233 139 172
65 19 58 157
66 65 145 2 279 107 44 95
67 144 68 88
68 3 86 157
69 240 212 138 157
70 106
71 32 114 116 216 265 122
72 193 258 99 232 90 107 79
73 178 274 213 133 117 279 232 60
74 160 163 212 53 89 153 90 10 190 158 31 271
75 101 58 74
76 278 234 122 26
77 56 188
78 32 144 2 226 83 148 54 185
79
80 186
81 80 196 22 70 199 60 125 78 31
82 37 197 86 168 42 123
83 256 257 99 35 136 218 235 140 252 173 205
84 240 180 250 203 126
85 258 226 137
86 256 38 182 7 232 204 173
87 152 26 75 79
88 238 271
89 32 96 65 130 259 230 168 267 108 111 272 277 252 188 94
90 225 216
91 35 164 68 180 133 88 186 123 188 78 79
92 33 163 68 197 73 172 142
93 66
94 52 233 138 267
95 178 66
96 33 161 199 168 264 235 43 272 243 116 183 252 29 125 254 127
97 261
98 230 25 254
99 76
100 261 107
101 256 240 35 197 265 155 236
102 113 52 230
103 257 225 228 181 230 154
104 65 163 36 166 6 168 75 270 142 24 56 217 220
105 26
106 148 277 69 85 74 27
107 67 37 248 106 203
108 193 34 228 86 187 172 12 253 142 174 159
109 176 52 103 169 235 108 236 269
110 39
111 195 279 90 139 238 191 95
112 130 2 276 262 7 216 168 26 207
113 170 59
114 64 96 147 115 265 41
115 132 15
116 275
117
118 183 184 232 107 190 143
119 202
120 180 62
121
122 273
123 114 163 120 89 14
124 65 85 134 95
125 35 276 53 12 29 31 127
126 196 217 153 221 13 143
127 0 130 3 149 247 232 136 266 11 237 109 207
128 4 212 101 166 38 7 43 79
129 224 33 35 196 40 202 235 253 46 175
130 244 52 21 86 10 139 235 140 30 255 239
131 257 211 35 196 88 174
132 224 4 165 277 39 247 104 11 220
133 256 96 163 88 202 140 175
134 64 178 146 132 37 246 57 222 30 95
135 208 212 121 58 10 234 94 127
136 1 66 260 68 168 74 175 20 277 246 152 217 221
137 18 229 247 59 251 12
138 1 65 258 69 231 202 173 14 145 274 20 85 27
139 58 125 14
140 1 147 275 213 216 154 42 220 238 143
141 18 234 26 172 126 190
142 1 18 163 52 134 216 78 110 143
143 17 3 83 117 70 215 105 253
144 132 68 102 71 199 9 201 107 76 110 207 149 246 216 91 219 187 125
145 257 193 260 184 171
146 256 101 70 205 142 255
147 113 85 198
148 80 82 226 35 195 245 118 188 189 142
149 275 93
150 243 173
151 89
152 18 247 183 75
153 240 135 184 218 93 270
154 275
155 84 260 197 38 71 169 265 89 26 187 239 271
156 162 120 270 78 271
157
158 204
159 260 104 139
160 231 264 168
161 163 7 266 172 204 142 94
162 193 232 235 223
163 99 229 39
164 233
165 177 262 156
166 249
167 64 260 132 86 265 75 93 13 158
168 240 194 275 195 134 71 89 201 235 141 158
169 66 274 86 93 255
170 208 115 181 104 153 10 238 31
171 150 214
172 271
173 96 263 237 30 222
174 240 145 276 37 58 235 219 78 239 143
175 117 70 198 266 269 223
176 182 252
177 208 224 193 99 85 86 39 217 169 77
178 37 120 159
179 225 278 169 187
180 245 153 45
181 23
182 163 260 55 105 91 189 109 175
183 273 259 45 30 223 127
184 258 66 198 169 73 171 108 173 116 52 218 187 124
185 226 54 184 56 10 107 60 61
186 25
187 17 241 3 35 147 42 156 124 126 255
188 115 85 261 54 215 24 217 60 108 47 111
189 192 210 260 149 279 167 168 73 59
190 34 3 180 212 197 229 89 90 91
191 131 133 38 102 7 137 77 175 242 19 85 181 150 29
192 258 38 57
193
194 258 227 250
195 97 260 166 248 152 153 186
196 214
197 249 121 137
198 161 257 41 139 78 239 210 82 51 116 213 23 188 126
199 73 223
200 146 196 229 214 169 42 219 107 236 220 157 175
201 214 7 62
202 178 15
203 128 38 152 248 217 267 60 94 30 271
204 1 27
205
206 246 134 217 9 171 59
207 229 150 232 216 170 127 271
208 129 22 230 41 61 31
209 48 130 34 98 99 68 244 151 233 41 223
210 112 241 276 228 21 217 170 122 74 268 62 127
211 96 195 259 99 197 229 165 40 236 238 15 112 146 152 218
212 13
213 5 187
214 256 143
215 0 129 161 259 40 170 144 182 24 92 252 61 31
216 240 34 4 117
217 177 257 163 259 37 118 247 57
218 272 256 52 164 221
219 164 148 229 9 111
220 146 117 157 62 159
221 82 247 200 136 266 139 28 174
222 32 82 274 21 151 105 202 189 237 15
223 0 97 51 3 133 181 117 138 139 253
224 147 68 164 117 263 185 45
225 274 196 180 100 71 263 168 202
226 185 218 76 140 28 109 125
227 1 99 163 51 143
228 114 181 182 249 142
229 261 69 70 91
230 208 144 199 237 47
231 194
232 211
233 32 274 163 90 75 203
234 276
235 0 164 151 88 152 89 74 207
236 118
237 176 32 17 39 24 108 221
238 243 104
239 160 32 96 33 196 249 217 188 28 77 109
240 136 168 217 157
241 161 168 95
242 98 194
243
244 34 226 211 229 87 232 41 59 29
245 38
246 144 229
247 228 165 39 119 56 200 264 168 155 45
248 1 196 25
249 32 166 71 152 219 253 239
250 208 98
251 20 85 8 216
252
253 121
254 105
255 274 218 15
256 192 129 81 130 179 186 236 78
257 224 57
258 150 182 25
259 258 200 136 8 42 75 109 46 110 89 25 28 222
260 113 104
261
262 173
263 55
264 240 209 66 3 259 278 71 138 251
265 275 116 134 39
266 256 195 149 181 184 201 265 187 92 109
267 258 83 215
268 272 113 177 18 164 263 220 157
269 227 84 38 230 26 11 124 189 143 63
270 178 163 72 24 218 139 255 31 15
271 262 55 125 93
272 192 65 115 247 231 40 187 222
273 160 257 118 88
274 184 30
275 178 133 278 183
276 178 34 195 181 150 10 139
277 162 51 259 264 122 172 63
278 176 258 35 22 102 135 103 252 254 191 95
279 50 99 249 138 106 204 223
T6
0 52 246 184 201 73 108 95
1 96 212 5 279 90 108 220 189 159
2 245 39 59
3 141
4 194 146 34 259 147 40 58 29
5 83 109 110 223
6 64 112 96 82 226 115 227 259 118 231 266 91
7 193 274 250 61
8 269
9 134 231 8 169 234 235 76 269 239 145 21 119 120 59 124 93 254
10 234
11
12 210 261 102 86 199 203 255
13 272 50 87 249 217 203 252 63
14 0 66 275 182 137 191
15 258 181 73 186 267
16 4 185 170 29 221 110
17 198 248 73
18 113 182 152 14
19 266
20 273 196 264 267 110
21 192 83 52 181 117 134 265 267 268 157 29 206
22 144 167 78
23 96 194 167 201 251
24 113 194 165 200 189
25 65 118 248 137 153 250 205 46
26 272 19 245 200 153 45
27 208 1 4 132 70 279 266 218 42 236 189 223
28 97 3 58 123
29 144 96 258 116 75
30 34 102 104 249 266 139 108 141 159
31 32 4 200
32 193 134 8 123 60 172 44 237 127
33 263 201 269 207 111
34 55
35 153
36 144 50 146 197 10 268 220
37 33 147 168 91 45
38 113 99 265
39 129 165 89
40 273 34 246 183 57 29 158
41 3 149 183 91 14 206 111
42 225
43 227 8 109
44 130 133 230 7 238 206 80 277 149 25 251 156 189
45 51 43
46 163
47 100 73 186
48 97 1 100 52 165 166 200 43 45 125 46
49 171
50 129 222
51 178 210 50 213 245 21 85 6 122 79
52 211 137 139
53
54 277
55 103
56 261 7 267 91 140
57
58 18 165 102 279 249 12 124 109 255
59 226 35 168 234 190 15
60 278
61 34 242 101 267 251 27 76 143
62 258 114 53 197
63 0 241 145 137
64 177
65 82 182
66 192 97 178 278 8 218 106 94
67 50 227 102 246 7 87 137 43 220 141 45
68 18 227 212 69 249 59 76
69 226 211 20 252
70 272 263 10 123 60
71 215 167
72 161 117 140
73 199
74 51 203 238 126
75 243 150 265 249 170 123 76 29 13 239
76 2 83 153 57 58 268 174 254
77 91 124
78 132 38 8 233 47 83 244 117 150 153 188 157 127
79 82 67 200 266 109 62 271
80 32 113 19 6 103 104
81 48 275 39 252
82 49 210 66 215 122 186
83
84 147 264
85 40
86 130 35 83 99 278 265 153 267 252
87 192 0 225 36 137 108 14 49 273 209 180 25 91 187 223
88 64 160 192 18 259 218 10 43 236 45
89 231 121
90
91 1 129 237
92 0 161 193 70 39 41 57 74 173 77 175 127
93 177 242 217 235
94 192 209 181 7 139 207
95 39 233 13
96 215 172
97 177
98 209 178 210 83 196 212 88 14 223 95
99 232 237
100 212 134 90 189
101 96 273 66 146 242 153 10 46 63
102 103 29 142
103 131 271
104 48 49 194 275 117 133 279 9 59 173
105 80 209 162 51 195 133 150 12 44 30 14
106 214 262 105 74 10 156 223
107 274 162 147 133 119 104 171 139 29 271
108 1 178 171 174
109 165
110 65 186 266
111 193 131 231 219 76
112 32 129 193 162
113 66 53 125 143
114
115 224 98 4 132 229 134 7 139 13 241 51 117 247 217 27 127 159
116 114 259 230 271
117 85 247 234 158
118 256 81 194 212 55 9 169
119 148
120 112 177 71 173 46
121 226 171 108 12 144 16 148 245 155 28 93 62 223
122 272 65 132 260 53 262 216 172 174
123 114 52 69 134 122 59
124 208 145 149 166 200 104 74 43 140 236 92 271
125 160 99 51 180 212 85 21 230 217 223
126 32 49 145 178 212 262 200 125
127 257 245 230 39 24 26 108 94 47
128
129 35 277 37 182 59
130 248 137 250 75 158 47
131 210 237
132 21 153 238 206
133 260 74
134 1 178 98 277 104 42 207
135 1 193 100 269
136 249 77 142
137 113 70 168 136 157
138 166 265 108 221
139 23 233 203 173 77
140 176 53 262 264 267 205 238
141 18 53 135 121 234 203 239 15 159
142 2 260 69 121
143 50 163 180 153 109 205 253 271
144 17 68 261 247 88 269
145 65 274
146 113 118 7 56 138 171 189
147
148 96 80 17 114 42 11 190
149 67 72 158
150 1 229 168 42 170 138 267 76 47 49 155 188 62
151 215
152 180 214 135 88 105 233 122 267 172 174 239
153 80 224 99 54 8 56
154 160 135 143
155 117 247 89 74
156
157 97 226 196 70 72 143 79 111 182 25 121 28 221
158 149 170 202 76 237
159 129 66 3 7 184 73 59
160
161 192 129 97 84 148 149 216 200 121 59 126 63
162 261 166 231 175
163 265 60
164 113 66 116 154 125 269
165 97 27
166 32 84 197 277 72 217 205 13 270
167
168 160 241 115 251 205 159
169 17 266 45 141 190 207
170 128 70 94 95 79
171 25 266
172 276 37 93 222
173 112
174 192 68 183 120
175 0 177 179 68 135 185 251 77 110 255
176 164
177 81 262 269
178 260 120 269
179 275 132 117 103 91 223
180 258 115 245 214 14
181 130 274 3 214 167 10 222
182 242 84
183 144 66 124 189 30 222
184 275 68 22 207
185 256 212 38 119 138 219 141 222
186 18 260 53 41 270 174
187 1 131 228 229 69 230 262 167 231 266 106 78 177 215 91 94
188 240 193 34 5 214 167 103 44 76
189 273
190 273 258 163 19 182 263 61
191 96 117 245 39 215 231 57 122 124 157 159
192 272 66 83 85 38 198 105 222
193 258 259 277 101 149 26 60 157
194 229 37 135 105 201 75 140 209 213 54 279 119 152 124
195 229 149
196 147 116 173
197 84 92
198 225 277 279 88 72 120 152 105 11 125 159
199 245 123 12 253
200 113 103
201 117 199
202 208 161 65
203 8
204 32 102 279 75 267 220
205 208 238
206 228 77
207 146 179 196 36 182 23 170 27 187 219 44 190
208 2 261 166 264 188 76 191
209 100 41
210 48 242 211 71 217 203 189 238 222
211 36 68 279 185 9 218 47 175
212 65 164 117 70 248 57 90 59 204 77 62
213 64 19 133 183 28 44
214 18 164 229 23 135 76 238
215 176 18 163 153 203
216 273 226 21 86 135 23
217 132 20 190 223
218 144 242 131 163 87 153 249 58 59 124 156 239
219 224 97 130 66 194 132 137 106 235 271 147 23 25 62
220 128 169 28
221 161 129 82 23 56 78
222 160 129 135 42
223 116 244 37 56 250 155 27 76 78 15
224 150 27
225 0 34 163 133 37 263 40 73 238 210 117 22 55 183 24 185 186 250
226 49 17 20 8 72 250 13 222
227 274 199
228 241 38 102 73 266 45 94
229 82 248 169
230 96 263
231 224 194 135 200 46 51 84 52 116 118 55 121 90 255
232 219
233 146 227 55
234 98 100 42 271
235 98 211 180 37 21 149 248 238
236 180
237
238
239
240 209 18 130 195 100 86 279 200 232 9
241 35 118 93
242 129 115 147 137 249 91 187 237 79
243 259 276 4 38 152 154 139 143
244 145 259 99 275 131 276 247 168 265 252 127
245 192 100 165 229 22 103 92 188 174 238 94
246 49 113 178 258 213 39 265 123
247 105 95
248 135 184 253
249 177 162 36 277 118 231 170 110
250 161 167 140 15 47
251 54 173
252 147 180 86 42 188 255
253 137
254 225 133 71 201 74 30
255 18 85 261 167 24 137 12 223 15
256 38 86 11 223
257 129 136 265 217 170 107 220 206 15
258 194 114 196 202 238
259 192 150 136 89 223
260 96 176 98 19 4 213 134 10 188 220
261 224 69 15
262 16 226 18 5 150 23 170 90 91 203
263 224 147 179 200 92
264 18 277 101 251 108
265 116 52 152 184 168 266 174 62
266 2 98 162 258 232 107 270 175 20 122 157 189 126 158
267 35 51 4 109 61 269 94 47 127 31 239 207
268 86
269 224 2 90 14
270 240 208 273 146 34 148 230 55 104 58 29 239
271 137 170 139 172 143 15
272 113 97 211 231 105 11 13 29 190
273 49 37 104 11 126 79
274 258 210 195 163 71 153 252
275 192 161 3 67 201 202 170 75 13 47 80 114 249 121 188
276 140
277 192 130 98 115 25 186 222 238
278 192 145 114 275 230 118 40 187
279 108
T7
0 240 96 144 209 210 50 179 22 38 167 138 29
1 0 193 67 83 85 230 247 42
2 161 20 200 169 90 267
3 232 219
4 163 134 247 157
5 115
6 35 148 247 216 9 12 13 190
7 161 65 211 86 22 155 268 141 127
8 117 251
9 279 44
10 210 154 139 237 63
11 128 71
12 33 194 132 166 201 77 147 275 244 20 214 182 219 27 63
13 214 7 170 156 62
14 273 163 51 3 133 150 250 109 46
15 250
16 32 68 122 266 77
17 48 5 202 94
18 97 244 277 117 216 121 204 174 111
19 256
20 112 209 50 35 148 277 79 31 63
21 163 74 173 175
22 272 263 39 71 201 205 239
23 86 232 187 143
24 245 55
25 69
26 112 224 146 180 132
27 113 68 91
28 209 41 154
29 192 129 194 100 8 264 141 14 208 209 177 210 178 274 51 115 53 61 62 190
30 258 35 163 39 170 75 76 16 273 178 82 212 117 118 183
31 3 196 7 73 234 172 205 173 148 116 150 88 25
32 38 279 155 79
33 162 195 27 94
34 240 195 259 147 165 5 105 89 107 108
35 193 177 18 239
36
37 160 115 229 183 120 9 171 254
38 145
39 132 38 6 44
40 226 158
41 106
42 38 89
43 103 25 137 12 61 238
44 246 72 10 218
45 98 227 101 69 200 40 237 238 16 274 83 220 92
46 114 87 73
47 87
48 195 100 229 135 263 9 174 242 20 85 25 218 254
49 16 32 208 276 197
50 32 35 136 168 264 169 106 112 212 278 23 89 219 251
51 192 178 163 197 233 25 42 221 141 62 127 207
52 106 29
53 130 4 254
54 130 230 134 108 141 174 207 111 179 181 88 153 219 251
55 148 261 118 105 190
56 215 77
57 64 240 153 42 11 271
58 133
59 81 131 164 212 222 238
60
61
62 34 116 150 102 104 10
63 161 167
64 34 131 195 261
65 1 242 130 195 99 3 104 24 185 254 223
66 130 260 245 265 46
67 231
68
69
70 35
71 81 243 51 84 165 214 151 249 137 90
72 241 163 260 102 168 58 11
73 177 85 54 200 216 57
74 160 241 67 165 102 155 172 269 127
75 112 162 122 250 63
76 41 139
77
78 68
79 144 81 250 234 44 93
80 224 227 100 42 141 271 178 213 117 182 86 183 125 254
81 3 119 40 74
82 225 36 132 181 22 104 106 189 254
83 80 231 9 255 111
84 82 258 99 149 120 41 219 236
85 192 81 100 183 71 7 104 138 122 203 251 29
86 49 274 38 7 217 172 191
87 16 128 68 150 217 42 92 204 12 95
88 4 42 253 269 221 46
89 257 210 100 133 271
90 114 248 268
91 256 80 82 39 199 136 236 44 158 47
92 186 221
93 277 213 56 216 57 9 219 171 237 254
94 48
95 242 180 37 9
96 135 217 153
97 16 99 213 202 79
98 233 108
99 144 264
100 192 226 35 245 90 138 252 61
101 208 17 59 61
102 128 1 68 171 237
103 177 197
104 275 99 132 37 5 234 268
105 257 244 266
106 176 112 98 7 266
107 177 194 243 182 247 136 168 74 125
108 97 260 197
109 227 3 132 101 102 231 266 78 79 209 118 23 185 186 221 94
110
111 210 146 179 247 71 200 89 267 237 61 174
112 81 99 250 171 92 175
113 179
114 8 269
115 112 4 189
116 241 2 163 118 54 263 23 156 125 30 143
117 100 237
118 176
119 209 131 250
120 82 51 53 73 90 266 191 31
121 30
122 242 229 278 103 200 74 141
123 243 4 169 172 157
124 157 159
125 262 234 106 189
126 65
127 64 161 114 67 164 103 216 169 171 239
128 258 195 6 40 137 147 116 53 117 87 187 252 191
129 208 144 224 145 168 234
130 147 213 218 187 188 79
131 40 203 270 158
132 177 228 245 182 247 153 92 124 111
133 274 244 69 166 87 252 205 46
134 244 87 77
135
136 266
137 64 241 225 214 54 216 221 206 175
138 32 48 96 39 40 249 30
139 64 66 67 201 42 174 242 178 210 214 247 279 123 220 254
140 48 177 249 90
141 97 261 198 167 200 43 268 45 78 144 273 211 213 150 62
142 128 117 197
143 112 145 235
144 49 120 221 142
145 193 55 42 266 95
146 38 189
147 256 262 246 232 264 186 252 207
148 83 260 183 107 126
149 128 209 98 153 11
150 64 4 36 200 11 236 142 143 177 274 276 53 22 216
151 82 275 22 182 237
152 32 129 4 85 233 43 188 156 238
153 165 200 63
154 261
155 208 131 51 52 169 220 238
156 145
157 17 66 226 206
158 99 195 8 72 232 42 11 206 78 48 80 17 114 178 275 115 118 216 57 123 124 28
159 129 119 235 44 254
160 211 165 57 202 187 269
161 83 229 278 7 217 12 238
162 102 184
163 278 54 75
164 244 132 235
165 50
166 240 64 115 275 39 24 249
167 130 7 137 220 30
168 3 259 70 39 72 105 202 203 173 16 177 25 218 90 219
169 163 35 212 102 184 159
170 193 33 18 167 25 10 90 252 93 157 77 31
171 81 130 115 277 138 235 123 187 204 46
172 71 23 57 106 13
173 19 120 72 172
174 144 0 277 181 264 188 93 63
175 80 32 274 53 217 74 59 156 124
176 9 140
177
178 53 233 74
179 64 17 114 99 85 124 158 270
180 272 116 43 44 158
181 227 196 20 134 6 184 41 203 252 141 127 159
182 32 161 66 162 121
183 151
184 32 259 83 52 24 43 62
185 240 52 278 230 215 234 106 61 77 221
186 16 233 90 187 13 190 254
187 74 138 223
188 115 275 6 119 105 137 41 29 62
189
190 136
191 80 98 150 40 122 237
192 49 82 146 131 4 101
193 112 179 36 118 71 107
194 99 3 35 229 199 201 76 206 272 214 120 222 223
195 66 278 86 200 105 201 122 95
196 128
197 101
198 34 165 197 137
199 19
200 51 211 196 199 8 169 140 29 126 111
201 272 80 82 163 164 245 72 42 203
202 6 279 153 25 14
203 161 85 59
204 210 114 19 68 232 41 43 140 205 45 270
205 112 68 183 24 109 141 46
206 256 165 134 135 234 42 75 108 79 80 145 179 245 213 149 56 217 63
207 52 20 248 89
208 80 0 178 52 279 184 91 187 93 78
209 112 176 49 236 253 126 78 191 207
210
211
212 0 123 94
213
214 64 227 52 196 70 219 14 62 174
215 23
216 68
217 211 169
218 177 178 56 14 271
219 192 193 197 198 136 237
220 180 135 199
221 66 103
222 129 179 103 121
223 276 72
224 131
225 129 197 170 14 30
226 113 193 19 248 127
227 37 44
228 135 120 249 106
229 43 189
230 256 177 53 262 233 266 107
231 81
232 195 116 250 42
233 123
234 33 242 100 87 167 154 219 62
235 48 257 185 29
236 231 169 125
237 65 210 34 83 21 85 216 75 270 254
238 242 139
239 244 276 249 251 109
240 192 21 120
241 113 226
242 129 3 265 74 26 124 158
243 147 164
244 83 181 214 263 265 74 238 159
245 246
246 103
247 217
248 129 231 124 205
249 6
250 50 115 199 248 255
251 104
252 72 25 157
253 23 41 233 42 14
254 242 148 165 22 102 278 233 25 44
255 100 200 74 78
256 12
257 99 4 212 69 56 248
258 34 85 246 74 45 77
259 80 243 57 221 142 31 47
260 59 61 158 270
261 57 170 126
262 192 260 277 231 87 153 122 77 159
263 272 132 116 22 150 187 91 173 222
264 208 32 113
265 272 224 132 7 253 29 175 143
266 249
267 241 243 231
268 0 5 199 41 265 266 138 107 205 47 177 85 55 125
269 97 238
270 129 82 51 212 217 28 29 143
271 144 275 196 38 151 71 266 138 139 60 158 31
272 48 38 202
273 22 9 237 62 254
274 0 145 35 117 278 70 246 54
275 112 51 116 5 183 73 170 156 141 158
276 192 147 244 234 172 237 126 191
277 257 180 197 214 55 167 151 40 137 154 173
278 69
279 96 242 150 88 104 9 265 57 186 218 203 157
