T0
0 1 0 0 0 1 1
1 0 0 2 0 1 0
2 1 1 1 3 1 1
3 1 1 0 0 1 0
4 1 1 1 2 0 0
5 2 1 1 1 1 0
6 0 0 0 1 1 1
7 1 1 1 0 2 0
8 0 2 2 0 0 0
9 2 0 1 0 1 1
10 0 2 2 0 0 2
11 0 2 2 2 1 0
12 1 0 1 1 0 0
13 1 1 2 1 0 3
14 1 0 0 1 1 0
15 0 1 0 0 1 0
16 2 0 1 1 0 1
17 1 1 0 1 1 0
18 0 0 1 0 1 0
19 1 1 1 1 2 0
20 1 1 2 2 1 2
21 2 2 1 0 1 2
22 1 1 2 0 1 1
23 1 1 0 1 3 1
24 1 1 0 1 1 0
25 2 1 1 0 1 1
26 1 1 1 1 1 0
27 1 1 1 4 1 1
28 2 1 0 1 0 2
29 0 1 2 1 1 2
30 1 1 0 0 1 1
31 2 0 0 3 1 1
32 2 0 1 0 0 2
33 0 1 1 3 1 2
34 3 1 1 0 2 1
35 0 0 2 1 1 0
36 2 1 1 1 0 1
37 1 1 1 3 1 0
38 0 0 0 1 0 2
39 1 0 2 0 1 2
40 1 2 0 1 0 0
41 0 0 1 1 1 0
42 1 4 0 0 0 0
43 0 1 0 2 0 0
44 0 0 2 1 1 2
45 1 2 0 1 0 2
46 0 1 0 1 0 2
47 1 1 0 1 0 0
48 1 3 0 1 0 1
49 1 0 1 2 1 0
50 3 1 1 0 0 2
51 1 0 2 0 0 2
52 0 0 1 0 1 1
53 0 1 1 0 1 1
54 2 0 1 0 2 2
55 1 0 0 2 1 2
56 2 0 1 1 2 0
57 1 1 1 0 1 1
58 0 1 0 1 1 0
59 1 0 0 0 1 1
60 2 3 2 0 2 1
61 1 2 1 2 1 0
62 0 0 0 1 0 1
63 0 0 1 2 2 1
64 2 0 1 1 1 1
65 0 2 0 0 0 1
66 1 1 2 1 1 1
67 0 0 1 1 0 0
68 0 1 1 1 0 0
69 2 0 0 0 1 1
70 3 2 2 1 1 2
71 1 3 1 1 1 1
72 1 1 1 1 1 0
73 1 2 0 0 1 2
74 3 0 1 0 1 1
75 1 1 1 0 0 1
76 1 0 0 0 1 2
77 2 1 1 2 1 1
78 1 2 1 2 1 1
79 1 1 1 2 1 0
80 1 0 1 1 0 1
81 1 1 2 1 0 1
82 1 1 2 1 0 2
83 1 0 2 1 0 0
84 1 1 0 1 1 0
85 1 0 1 0 2 1
86 1 1 1 0 1 1
87 1 0 2 0 1 0
88 0 1 1 1 0 1
89 2 0 1 1 0 0
90 1 1 1 2 0 1
91 1 0 0 2 0 1
92 1 0 2 1 1 0
93 2 2 0 3 1 0
94 1 2 1 0 0 0
95 0 1 1 0 1 1
96 0 1 1 1 0 2
97 0 0 0 2 0 1
98 1 1 0 1 0 0
99 0 1 1 1 2 0
100 1 1 0 2 1 0
101 0 0 1 1 0 3
102 2 1 0 1 1 0
103 2 2 1 2 1 0
104 3 0 0 0 3 0
105 0 0 2 1 1 2
106 1 2 2 0 3 1
107 2 1 1 0 1 1
108 0 1 1 1 1 0
109 1 2 0 0 1 1
110 2 1 2 1 1 0
111 0 0 1 2 1 0
112 2 0 1 1 2 1
113 0 1 1 2 1 2
114 1 0 1 1 0 3
115 0 1 1 0 1 1
116 1 1 1 0 0 1
117 0 0 0 2 2 1
118 1 0 1 1 0 0
119 1 0 3 1 1 3
120 3 2 1 2 0 1
121 1 1 0 1 1 1
122 1 0 0 2 2 0
123 0 0 1 1 0 0
124 2 0 1 0 2 1
125 3 1 0 1 0 1
126 1 3 0 1 1 2
127 0 0 1 1 2 1
128 0 1 0 0 0 1
129 0 1 1 0 2 1
130 2 0 1 0 0 0
131 1 1 1 1 2 1
132 2 0 1 1 2 1
133 0 0 1 1 0 0
134 1 1 0 1 1 1
135 2 2 0 0 1 0
136 0 1 1 0 1 0
137 1 1 1 0 0 1
138 0 0 2 1 1 1
139 0 1 2 0 1 3
140 2 0 1 2 1 1
141 1 2 0 0 1 1
142 1 1 1 1 2 1
143 2 0 0 1 1 0
144 1 1 0 0 0 1
145 1 1 0 2 2 1
146 1 0 0 0 1 2
147 1 1 0 0 0 2
148 0 1 0 1 1 1
149 0 2 0 1 0 1
150 2 1 0 1 1 0
151 0 1 0 0 1 2
152 1 1 1 1 1 1
153 3 2 1 0 0 0
154 1 1 1 0 1 1
155 0 3 2 0 1 0
156 0 0 0 2 0 0
157 1 1 1 0 1 1
158 1 1 1 0 0 0
159 1 1 1 2 0 1
160 1 0 1 1 1 1
161 1 0 1 1 1 2
162 1 0 0 1 1 1
163 0 1 1 1 2 0
164 0 0 3 0 0 1
165 1 2 0 2 1 1
166 1 0 0 1 1 0
167 1 1 2 0 3 0
168 0 1 1 1 0 1
169 1 2 1 2 0 0
170 1 0 3 1 1 2
171 0 2 1 1 1 0
172 1 0 1 0 2 1
173 0 1 1 1 1 2
174 1 0 0 0 2 1
175 0 0 1 0 1 0
176 1 2 1 1 3 0
177 0 0 0 1 0 1
178 0 0 1 0 1 0
179 1 1 1 1 0 1
180 1 3 0 1 0 2
181 0 0 1 0 1 0
182 2 2 2 2 1 1
183 1 1 0 1 0 2
184 2 1 0 0 0 1
185 2 1 0 0 1 0
186 1 1 0 0 0 0
187 0 1 1 1 1 1
188 1 2 0 0 1 0
189 1 0 0 0 1 0
190 1 1 0 0 1 1
191 2 0 0 1 2 2
192 0 1 2 1 0 0
193 1 1 0 2 2 2
194 0 1 0 1 1 1
195 2 0 1 0 1 2
196 1 0 1 1 1 1
197 1 1 0 1 1 1
198 0 1 0 1 2 0
199 1 0 1 2 1 0
200 0 0 1 2 0 1
201 0 1 2 1 1 2
202 0 1 1 0 1 0
203 1 1 1 1 0 0
204 2 0 1 1 0 0
205 1 0 1 2 1 3
206 0 1 1 1 1 1
207 0 2 1 1 1 1
208 1 0 1 1 1 0
209 1 0 1 1 0 0
210 2 1 3 0 0 1
211 1 0 1 0 1 1
212 1 1 0 1 0 1
213 1 3 0 1 0 0
214 1 1 1 0 0 1
215 1 0 1 0 0 0
216 1 0 0 1 0 1
217 0 2 1 0 1 1
218 1 1 0 0 1 0
219 1 1 1 1 0 1
220 2 0 3 1 1 1
221 1 1 2 0 1 1
222 1 1 0 1 1 1
223 1 0 1 0 0 2
224 0 2 2 2 0 2
225 1 1 1 1 0 2
226 1 0 3 0 1 1
227 0 1 0 0 1 1
228 0 0 1 0 2 0
229 1 1 0 1 1 1
230 0 1 1 1 1 1
231 1 0 1 1 3 0
232 0 0 2 1 0 1
233 1 2 1 1 0 0
234 1 1 0 1 3 0
235 1 0 0 0 0 1
236 1 1 1 0 2 2
237 1 1 1 0 1 2
238 1 1 0 3 0 0
239 0 1 3 0 1 1
240 1 2 1 1 2 0
241 1 1 0 2 0 1
242 0 2 0 2 1 0
243 0 2 1 0 1 3
244 0 0 4 0 1 2
245 0 1 1 1 0 0
246 1 0 0 1 0 0
247 1 0 1 1 1 1
248 1 1 2 1 2 1
249 0 0 0 1 1 1
250 0 0 1 0 1 0
251 0 1 0 1 1 0
252 2 2 0 1 1 0
253 1 0 1 0 0 1
254 0 1 1 1 1 1
255 1 1 2 1 1 1
256 1 0 0 1 1 1
257 2 2 1 1 0 1
258 0 1 1 1 0 1
259 0 1 1 1 2 1
260 1 1 0 1 1 1
261 2 1 1 1 1 0
262 2 2 0 2 0 1
263 1 0 0 1 1 0
264 1 1 0 1 1 2
265 1 1 1 0 0 1
266 0 1 1 2 0 1
267 1 0 1 0 1 2
268 0 1 1 2 1 2
269 1 0 1 2 1 1
270 1 0 1 2 1 0
271 1 2 1 0 1 1
272 1 2 0 1 0 1
273 1 0 1 1 0 1
274 1 0 0 2 1 1
275 0 3 1 0 0 0
276 0 2 1 1 3 3
277 0 1 1 1 1 1
278 2 2 0 1 1 0
279 0 0 1 0 0 1
T1
0 1 1 2 1 1 1
1 0 0 1 1 1 0
2 1 1 0 0 1 2
3 0 0 0 0 1 0
4 1 1 1 2 1 0
5 1 2 1 1 1 2
6 0 0 1 0 0 2
7 3 1 1 1 1 0
8 2 1 2 0 0 1
9 1 2 0 0 0 0
10 1 0 1 1 1 2
11 1 2 0 0 1 1
12 1 1 0 2 2 1
13 2 0 2 0 1 1
14 0 1 1 2 1 2
15 2 3 2 1 1 0
16 0 0 2 1 1 2
17 1 1 0 0 0 1
18 1 4 2 0 3 0
19 1 0 1 1 2 1
20 0 2 0 1 0 1
21 2 1 0 1 3 2
22 1 0 1 2 0 3
23 2 0 0 0 0 0
24 1 1 0 1 1 1
25 0 0 0 0 0 1
26 2 1 0 1 1 1
27 0 1 1 1 1 1
28 1 2 1 0 0 1
29 0 0 1 2 0 1
30 1 1 1 1 0 1
31 0 1 1 1 2 0
32 2 1 1 1 0 0
33 1 1 2 2 0 0
34 0 2 0 1 1 0
35 1 1 1 1 0 0
36 1 0 1 0 2 1
37 1 2 2 0 2 1
38 1 0 1 1 2 0
39 1 1 0 1 0 2
40 0 1 1 1 0 2
41 1 0 0 2 2 1
42 0 0 1 3 1 1
43 2 1 0 1 1 1
44 1 1 2 0 0 0
45 0 3 1 2 2 1
46 0 2 1 0 1 1
47 1 1 1 1 1 2
48 2 1 2 1 1 2
49 2 1 1 1 0 0
50 0 0 1 1 2 1
51 0 1 2 2 1 2
52 2 2 0 1 2 2
53 0 0 0 1 1 0
54 0 1 2 3 0 1
55 1 1 0 1 1 1
56 0 1 1 0 1 1
57 0 1 0 2 2 1
58 1 0 1 0 2 2
59 0 0 2 0 1 1
60 0 0 3 0 0 2
61 2 0 0 0 1 0
62 0 1 2 1 0 3
63 2 1 0 1 0 2
64 1 1 1 0 0 0
65 0 0 1 2 1 1
66 1 1 0 1 1 1
67 0 0 2 1 1 2
68 0 2 0 2 0 1
69 0 2 0 0 1 1
70 1 1 1 2 1 1
71 1 1 3 1 0 2
72 1 2 1 0 0 0
73 1 0 1 2 1 0
74 1 1 2 1 1 0
75 0 1 1 1 1 1
76 0 0 3 1 2 1
77 1 2 2 1 1 1
78 0 0 0 0 1 2
79 0 1 2 2 1 0
80 1 0 1 1 0 1
81 1 2 1 0 1 2
82 1 0 0 0 1 0
83 0 1 1 1 2 0
84 1 1 1 1 1 0
85 0 0 1 1 1 0
86 1 1 1 0 1 1
87 2 0 0 0 0 0
88 0 1 0 1 0 3
89 0 0 0 2 1 1
90 3 1 1 1 2 1
91 1 0 1 1 2 0
92 0 0 1 1 0 1
93 1 1 2 1 3 2
94 0 1 0 0 1 1
95 1 1 0 0 3 0
96 0 2 0 0 1 0
97 1 3 1 1 1 0
98 1 0 1 0 0 0
99 0 1 0 1 0 1
100 0 0 1 0 1 0
101 1 0 1 0 1 2
102 1 0 1 1 1 1
103 2 0 1 0 2 0
104 0 2 0 1 0 1
105 1 1 2 1 1 1
106 2 2 0 0 1 0
107 1 1 1 1 2 0
108 1 2 1 0 1 1
109 2 0 0 0 1 0
110 2 1 0 0 1 2
111 1 1 1 1 0 1
112 1 0 0 0 1 0
113 1 0 0 1 0 0
114 2 0 1 1 0 1
115 0 2 0 1 0 1
116 1 0 1 1 2 1
117 2 1 1 1 1 1
118 1 0 1 1 3 1
119 2 1 0 2 1 0
120 1 1 0 1 0 1
121 0 1 3 1 2 2
122 2 0 1 1 0 0
123 1 0 1 1 2 2
124 1 1 1 0 0 1
125 0 1 1 2 1 1
126 1 2 2 2 0 2
127 1 1 0 2 0 0
128 0 2 1 0 0 2
129 0 2 3 1 1 1
130 0 1 1 0 0 0
131 0 0 2 0 2 1
132 1 0 2 0 2 2
133 0 2 0 1 2 0
134 2 1 1 0 1 1
135 1 1 0 1 0 1
136 1 0 2 1 1 0
137 2 1 1 2 0 1
138 2 1 0 1 1 1
139 0 0 1 0 0 1
140 1 1 0 1 1 0
141 1 1 2 1 0 0
142 0 1 1 0 1 1
143 1 0 0 0 1 1
144 1 1 0 1 2 2
145 1 1 0 2 1 1
146 1 1 1 1 1 0
147 2 0 1 1 0 0
148 2 0 1 0 2 1
149 2 2 1 1 1 0
150 1 0 0 3 1 1
151 0 1 0 2 0 1
152 0 1 1 0 0 0
153 0 1 0 1 2 0
154 0 0 2 0 2 1
155 1 1 1 1 0 1
156 1 1 0 1 1 1
157 1 1 1 1 0 0
158 0 2 1 2 1 1
159 0 1 1 2 1 1
160 0 1 1 1 0 0
161 0 1 0 1 1 0
162 0 1 1 0 1 0
163 1 1 0 1 0 1
164 1 0 1 0 1 1
165 0 0 1 2 2 1
166 1 1 0 2 1 0
167 1 0 0 0 3 1
168 1 0 2 1 0 1
169 0 2 0 1 0 0
170 2 1 1 0 2 2
171 1 0 2 1 1 0
172 1 0 0 1 0 1
173 0 0 1 1 0 1
174 1 0 1 1 1 1
175 2 0 1 1 1 0
176 2 2 1 1 0 1
177 0 2 0 0 1 1
178 1 1 2 0 1 1
179 0 1 0 1 0 1
180 0 1 1 1 0 0
181 0 1 1 1 0 0
182 2 2 1 0 1 2
183 0 0 2 1 0 0
184 1 0 1 1 1 2
185 0 0 1 1 1 1
186 0 1 1 1 0 1
187 2 2 1 1 0 0
188 0 1 2 2 1 0
189 1 1 1 3 1 2
190 1 1 1 1 0 0
191 0 1 1 1 1 1
192 1 0 1 0 1 2
193 0 1 2 2 1 1
194 1 0 0 1 0 1
195 2 0 0 1 0 3
196 1 0 0 1 0 1
197 2 3 1 0 2 1
198 1 1 0 1 0 0
199 1 2 1 2 0 1
200 2 1 1 1 0 1
201 1 1 0 1 1 2
202 1 1 1 0 1 2
203 3 1 0 1 0 2
204 1 1 0 1 1 3
205 1 0 1 0 0 1
206 1 1 1 1 2 3
207 0 1 1 1 1 0
208 0 2 0 0 0 1
209 0 1 0 1 1 1
210 1 0 3 1 0 1
211 0 0 2 0 0 0
212 1 1 1 1 2 2
213 1 1 0 0 1 1
214 0 0 0 1 0 1
215 1 0 0 1 2 0
216 1 0 0 0 0 1
217 0 2 1 0 0 1
218 0 1 1 2 1 1
219 1 1 1 0 1 2
220 1 0 1 0 1 2
221 1 1 2 0 0 1
222 0 1 0 0 1 1
223 0 1 0 1 1 0
224 0 1 1 1 0 0
225 1 0 0 2 0 0
226 1 1 0 0 2 2
227 0 1 1 1 1 3
228 0 1 1 0 0 1
229 2 0 0 0 2 0
230 0 0 2 1 1 1
231 1 0 2 0 1 0
232 0 0 0 1 0 2
233 0 1 0 1 1 0
234 0 0 1 0 0 1
235 0 0 1 1 3 2
236 1 1 2 1 0 1
237 1 2 1 2 1 0
238 2 1 0 1 1 1
239 0 0 1 2 0 0
240 0 0 1 1 2 0
241 1 0 1 0 2 0
242 0 1 1 1 1 1
243 1 1 1 1 0 0
244 0 2 0 1 1 0
245 1 1 0 2 1 2
246 0 1 0 1 0 2
247 0 0 0 0 1 0
248 1 2 1 0 0 1
249 2 0 1 2 0 1
250 0 3 1 0 0 1
251 1 0 2 1 0 0
252 2 1 1 0 0 0
253 1 0 1 1 1 1
254 1 1 0 1 0 2
255 1 1 0 1 0 1
256 1 1 2 0 0 0
257 0 0 1 1 0 1
258 2 1 2 1 3 0
259 1 1 0 2 1 0
260 0 0 1 1 1 1
261 0 1 1 0 0 1
262 1 0 1 0 1 2
263 1 0 1 1 0 0
264 1 0 1 1 1 1
265 2 2 2 2 2 1
266 2 0 0 2 1 0
267 1 0 0 0 0 1
268 0 2 1 1 1 1
269 0 0 2 2 0 1
270 0 0 1 1 1 0
271 0 1 0 2 2 2
272 1 2 1 0 0 2
273 2 2 1 0 3 1
274 0 1 3 2 2 2
275 4 1 1 2 0 1
276 0 1 1 1 1 1
277 1 1 0 1 1 1
278 0 0 0 2 0 3
279 0 2 1 0 1 1
T2
0 1 1 0 1 1 1
1 1 0 1 0 2 1
2 2 1 2 0 0 2
3 1 2 0 0 1 1
4 2 1 1 2 1 1
5 1 1 2 1 1 0
6 3 1 0 1 0 0
7 1 0 1 1 1 0
8 1 1 1 0 1 1
9 0 2 1 1 2 1
10 2 0 0 0 2 2
11 1 1 1 2 0 2
12 1 1 0 1 0 0
13 1 0 1 1 0 1
14 3 1 1 3 2 1
15 2 0 1 0 2 1
16 1 0 0 1 2 1
17 2 1 2 1 0 2
18 0 2 0 0 3 0
19 1 0 1 1 0 1
20 0 1 1 0 1 2
21 1 1 1 0 1 1
22 1 2 1 0 2 1
23 0 1 1 0 1 2
24 0 0 2 1 1 1
25 1 1 0 0 0 0
26 1 2 2 2 1 0
27 1 0 1 0 1 1
28 0 1 1 1 0 1
29 1 0 1 0 0 0
30 1 1 1 0 2 1
31 0 1 1 1 2 1
32 0 0 0 3 1 0
33 1 0 2 0 3 0
34 0 2 0 1 0 1
35 1 1 1 1 1 1
36 2 0 1 1 1 1
37 2 1 1 2 0 1
38 0 1 1 0 1 2
39 1 2 0 1 2 1
40 1 2 3 0 1 1
41 1 2 2 0 1 1
42 1 1 1 0 1 1
43 1 0 0 1 1 1
44 2 2 1 1 0 1
45 0 2 1 0 1 1
46 1 0 0 0 1 0
47 0 2 0 1 1 1
48 1 0 1 0 2 0
49 0 1 0 3 1 1
50 0 0 0 1 0 2
51 0 0 1 1 1 0
52 0 0 1 2 1 0
53 0 1 1 0 0 2
54 1 0 0 1 1 1
55 2 1 0 1 1 1
56 0 1 0 2 1 1
57 1 0 1 2 2 1
58 3 2 1 1 2 1
59 1 0 2 1 1 1
60 1 1 1 1 0 0
61 1 1 0 1 2 1
62 2 1 0 1 4 2
63 1 1 0 0 2 0
64 1 2 1 0 0 1
65 1 0 2 0 1 0
66 0 0 2 0 2 0
67 0 0 1 1 2 1
68 1 0 1 1 1 0
69 1 0 0 0 0 0
70 1 0 1 3 1 1
71 0 1 1 0 2 0
72 0 1 1 1 0 1
73 2 1 1 0 1 0
74 1 0 1 1 1 1
75 1 1 1 0 0 0
76 0 1 0 3 1 1
77 0 1 0 1 1 1
78 0 2 1 0 1 1
79 0 1 0 1 0 1
80 2 3 0 1 1 1
81 1 2 0 2 2 1
82 0 0 1 1 1 1
83 2 1 1 0 1 2
84 0 3 2 2 1 1
85 0 0 3 1 1 1
86 0 1 2 3 1 0
87 1 0 2 1 1 1
88 2 2 1 1 1 1
89 1 1 1 1 0 2
90 0 1 1 0 4 1
91 1 0 2 1 1 1
92 0 0 0 0 0 1
93 1 0 1 1 2 1
94 0 0 1 0 1 0
95 0 1 1 0 1 0
96 0 1 1 2 0 1
97 2 1 1 2 1 2
98 1 1 1 1 1 1
99 1 1 2 1 1 1
100 0 0 1 2 1 1
101 0 1 1 0 1 1
102 0 2 1 2 1 1
103 0 0 0 0 0 1
104 2 0 1 2 1 2
105 1 0 0 1 3 1
106 2 1 0 0 0 0
107 1 1 1 1 2 1
108 0 2 0 2 1 1
109 1 1 2 1 2 1
110 1 0 0 0 1 1
111 0 1 1 0 0 1
112 0 2 1 1 0 0
113 0 1 1 1 1 0
114 1 0 1 1 1 1
115 2 0 1 2 1 1
116 1 0 1 0 1 1
117 0 3 1 1 1 1
118 0 2 1 1 0 1
119 1 1 1 1 1 2
120 1 1 0 0 2 0
121 2 1 1 1 1 2
122 1 0 0 2 2 0
123 1 1 0 0 0 0
124 0 2 1 0 0 1
125 1 2 1 1 0 0
126 1 1 1 1 0 3
127 3 1 1 0 0 0
128 0 1 2 0 1 0
129 1 1 0 1 0 2
130 1 1 1 2 0 2
131 2 0 0 0 1 0
132 1 1 2 1 1 1
133 2 3 2 1 0 2
134 0 1 1 0 1 1
135 1 1 0 0 1 0
136 2 1 0 1 1 0
137 1 1 0 0 0 0
138 1 0 0 1 0 0
139 0 1 1 1 1 1
140 1 1 0 0 1 1
141 0 0 1 1 2 1
142 1 0 0 2 1 2
143 1 1 0 0 1 1
144 3 1 1 0 2 1
145 2 1 1 0 1 0
146 2 1 0 1 0 0
147 1 1 1 1 0 0
148 2 2 1 0 1 1
149 0 2 2 3 1 1
150 0 1 1 0 2 1
151 2 1 1 1 0 2
152 1 2 1 1 1 1
153 0 1 1 2 1 1
154 1 0 1 2 1 2
155 0 2 1 2 1 1
156 2 0 1 1 2 1
157 0 0 2 1 0 1
158 0 2 0 0 1 2
159 1 2 1 0 0 1
160 0 1 0 0 1 1
161 1 0 0 1 1 1
162 0 1 1 3 4 0
163 1 2 1 1 2 0
164 0 1 2 1 0 0
165 1 0 2 1 1 0
166 1 1 0 0 1 1
167 1 0 3 1 0 2
168 1 0 0 0 1 2
169 1 0 2 1 0 1
170 1 0 1 0 2 1
171 1 2 0 0 1 0
172 1 1 1 1 1 1
173 1 1 0 0 0 0
174 1 1 0 1 1 2
175 1 0 0 0 0 1
176 0 1 1 2 1 2
177 2 0 0 2 1 0
178 1 0 0 1 0 0
179 1 1 0 0 1 0
180 0 2 1 0 2 1
181 1 1 1 1 4 2
182 1 1 1 2 1 1
183 1 2 1 1 1 1
184 2 0 0 0 0 1
185 2 1 1 1 0 1
186 2 2 1 0 0 1
187 0 1 0 1 1 1
188 2 0 1 1 1 1
189 2 0 1 0 1 0
190 1 1 1 1 2 1
191 1 1 1 1 1 1
192 2 0 2 0 0 0
193 2 2 1 1 2 3
194 0 0 1 0 0 0
195 1 1 1 1 0 1
196 1 2 2 1 1 1
197 0 1 0 1 2 1
198 0 0 1 3 2 3
199 1 1 0 1 0 1
200 1 0 0 2 1 1
201 1 2 0 0 1 0
202 0 1 1 0 2 0
203 0 1 0 2 1 0
204 1 1 1 1 0 1
205 1 1 0 1 2 1
206 2 1 1 1 2 1
207 1 1 1 2 1 1
208 2 1 0 1 1 2
209 1 1 1 1 1 1
210 1 0 0 0 0 0
211 3 1 1 2 1 0
212 0 1 1 1 0 0
213 1 1 2 1 0 1
214 0 0 0 3 0 1
215 1 0 1 0 2 1
216 0 0 2 2 3 0
217 1 0 2 1 0 1
218 2 1 1 0 0 1
219 1 0 1 1 0 0
220 0 1 0 1 1 1
221 0 0 1 1 1 1
222 0 1 0 2 2 1
223 1 2 2 3 0 1
224 0 1 2 0 0 0
225 0 0 0 0 2 2
226 1 0 1 2 1 2
227 0 1 1 1 1 1
228 2 1 2 0 1 0
229 1 1 0 0 0 0
230 0 0 1 0 1 1
231 1 2 1 1 2 0
232 1 1 0 0 0 2
233 2 1 1 1 0 1
234 1 2 1 0 1 3
235 1 0 1 1 0 1
236 0 1 1 1 1 1
237 1 0 1 0 3 1
238 2 1 0 0 3 0
239 1 0 1 0 1 1
240 1 0 0 1 2 2
241 0 0 1 1 0 1
242 1 1 0 0 0 1
243 0 0 0 3 1 0
244 1 1 1 1 0 1
245 0 1 2 0 0 2
246 1 2 0 3 0 2
247 1 1 0 0 0 2
248 1 0 1 1 0 0
249 2 1 0 2 1 1
250 1 0 1 0 0 1
251 1 0 0 1 1 2
252 1 0 1 1 0 0
253 1 0 1 1 1 0
254 1 1 1 2 0 0
255 0 2 1 1 1 0
256 1 0 0 2 1 1
257 0 1 0 1 0 1
258 0 0 0 1 2 0
259 0 1 0 0 1 0
260 0 0 0 1 2 1
261 0 0 1 3 1 1
262 0 0 1 1 0 0
263 0 1 0 1 0 0
264 0 0 1 2 1 0
265 2 0 1 2 0 0
266 1 1 0 0 2 1
267 2 0 2 3 0 1
268 0 0 0 0 1 2
269 1 1 1 0 1 2
270 2 2 2 0 1 1
271 1 0 0 0 1 1
272 1 0 2 0 1 1
273 2 1 1 0 0 0
274 1 1 1 0 1 0
275 1 0 0 0 0 0
276 1 0 1 0 0 1
277 0 1 2 0 2 1
278 1 0 2 1 2 1
279 1 1 0 1 0 2
T3
0 0 1 0 0 1 1
1 2 2 0 0 1 1
2 0 0 1 1 1 0
3 1 1 1 1 0 1
4 1 0 1 0 0 2
5 1 1 0 2 1 0
6 0 2 0 1 0 1
7 1 1 1 2 1 1
8 1 0 0 1 0 1
9 2 2 0 0 1 0
10 1 1 1 1 1 1
11 0 0 0 2 3 1
12 2 2 1 0 0 1
13 1 0 1 0 1 1
14 0 1 1 0 0 1
15 0 2 1 1 1 1
16 1 1 1 0 1 1
17 0 0 1 1 2 0
18 2 1 0 1 1 0
19 2 1 1 1 0 1
20 1 1 1 0 2 2
21 0 0 1 0 0 2
22 1 1 0 1 0 0
23 1 1 1 1 0 1
24 2 1 1 0 0 0
25 1 1 2 1 1 2
26 0 2 1 2 1 1
27 0 1 0 0 0 0
28 1 0 1 1 1 1
29 1 1 1 0 1 1
30 1 1 2 1 2 1
31 0 1 0 1 1 3
32 1 2 0 2 2 3
33 1 0 1 0 2 2
34 0 1 1 0 0 0
35 0 2 0 1 1 0
36 1 2 1 1 0 2
37 0 2 0 1 0 0
38 1 1 2 1 0 1
39 1 0 1 0 1 0
40 1 2 1 0 1 0
41 1 2 2 1 1 2
42 1 2 1 0 1 0
43 0 0 1 2 2 1
44 2 2 1 0 1 0
45 1 1 0 0 0 1
46 1 1 0 1 1 0
47 0 0 1 3 2 1
48 2 0 2 0 0 0
49 0 0 1 0 0 1
50 0 1 1 1 1 0
51 1 2 1 2 1 1
52 0 0 1 1 1 0
53 2 1 0 0 1 2
54 1 1 1 1 2 1
55 3 1 1 1 1 1
56 0 0 1 0 2 0
57 0 1 0 0 1 0
58 1 1 2 0 1 1
59 2 0 1 1 2 0
60 0 1 2 1 0 0
61 1 1 1 0 2 1
62 1 0 1 0 1 3
63 2 1 1 0 3 1
64 2 1 0 1 0 2
65 1 2 0 1 0 2
66 1 1 1 1 0 1
67 1 2 1 1 1 1
68 2 2 1 1 1 0
69 1 1 0 1 2 2
70 1 0 1 1 1 0
71 1 1 2 1 2 0
72 0 1 1 0 1 2
73 1 1 0 1 0 0
74 1 0 1 1 1 0
75 0 0 0 1 0 3
76 0 0 1 1 0 1
77 1 1 2 0 2 0
78 0 1 0 0 0 0
79 1 1 1 2 1 1
80 0 0 0 1 1 3
81 1 1 0 0 1 1
82 0 1 0 0 2 1
83 0 1 1 0 1 1
84 1 1 0 1 0 2
85 1 0 3 1 2 0
86 0 0 0 0 3 0
87 0 1 0 1 0 0
88 1 2 0 1 0 0
89 1 1 1 1 1 1
90 0 2 1 1 1 0
91 1 1 2 1 0 1
92 0 1 1 0 1 1
93 1 2 0 1 1 0
94 0 0 1 0 0 3
95 2 1 3 1 0 0
96 1 1 2 0 0 2
97 0 0 2 1 1 1
98 1 2 1 1 1 0
99 2 1 1 2 0 1
100 0 2 0 1 1 3
101 1 2 2 1 1 1
102 0 1 1 0 1 1
103 0 1 1 0 2 1
104 1 1 1 0 1 2
105 0 1 1 1 1 0
106 1 1 0 2 1 2
107 1 2 1 1 0 1
108 1 3 1 1 1 1
109 0 2 1 2 2 2
110 0 2 0 1 1 0
111 0 0 1 1 1 0
112 2 2 2 2 0 0
113 0 0 1 1 1 0
114 1 1 2 1 2 1
115 1 1 0 0 1 1
116 0 1 2 0 1 0
117 1 0 1 0 1 0
118 1 0 0 1 1 0
119 1 0 1 2 0 0
120 2 1 0 1 1 2
121 2 2 1 3 1 1
122 2 1 1 1 1 0
123 0 0 1 2 0 2
124 1 1 2 1 0 2
125 1 2 1 1 0 2
126 0 1 1 1 2 0
127 1 0 2 0 0 1
128 1 2 1 2 1 2
129 0 0 0 1 2 1
130 3 1 1 1 2 2
131 1 0 2 1 0 3
132 1 1 1 1 2 2
133 2 0 1 1 1 0
134 0 0 1 0 0 1
135 2 2 0 2 2 1
136 0 1 2 0 0 2
137 1 1 1 1 1 1
138 1 2 1 0 0 1
139 1 0 1 1 2 1
140 0 0 0 2 2 1
141 1 0 0 1 2 0
142 0 1 3 2 2 1
143 2 2 3 1 1 3
144 0 1 1 1 1 1
145 1 0 1 1 0 1
146 1 0 0 1 1 1
147 0 0 2 0 1 2
148 0 0 1 1 0 1
149 2 0 2 2 1 0
150 1 1 0 1 0 1
151 1 0 0 2 1 0
152 0 1 2 0 1 0
153 1 3 1 1 1 1
154 1 1 2 1 0 0
155 0 0 0 1 0 1
156 1 2 1 1 1 1
157 1 1 0 1 0 2
158 0 0 1 1 1 0
159 0 0 0 1 1 0
160 0 2 0 2 3 1
161 0 2 0 1 1 0
162 0 0 0 0 0 3
163 1 0 0 1 0 1
164 0 0 0 0 1 1
165 2 1 1 1 1 1
166 1 0 2 1 0 0
167 1 1 1 0 0 1
168 1 0 1 1 2 1
169 1 1 0 2 1 1
170 1 3 1 0 1 1
171 1 1 1 1 1 1
172 0 1 1 0 1 0
173 0 1 1 0 2 1
174 0 3 0 1 1 1
175 1 2 1 0 1 0
176 1 0 1 0 1 1
177 1 2 1 2 1 2
178 1 1 0 0 0 0
179 0 1 2 2 1 0
180 1 2 2 1 1 0
181 1 1 0 0 0 1
182 2 0 1 2 2 2
183 1 1 0 1 0 0
184 1 2 0 0 1 0
185 1 0 0 0 0 0
186 2 2 1 1 2 0
187 0 1 0 2 1 1
188 0 2 1 2 0 1
189 1 0 1 2 1 1
190 2 0 1 0 1 0
191 0 1 1 1 1 2
192 3 0 1 0 0 1
193 0 1 2 0 0 1
194 1 1 1 1 1 0
195 1 1 1 1 1 1
196 1 1 0 2 1 0
197 1 1 2 0 1 1
198 1 1 0 1 1 1
199 0 2 0 2 1 0
200 1 0 0 0 2 1
201 1 1 1 1 1 1
202 1 0 1 0 0 1
203 1 2 2 1 1 2
204 0 1 1 1 0 0
205 0 1 3 1 1 0
206 2 2 1 1 1 1
207 0 1 0 0 0 1
208 1 1 0 1 1 1
209 1 1 2 0 1 0
210 0 0 0 2 2 1
211 1 1 0 1 1 1
212 0 0 1 1 0 1
213 0 1 1 1 2 0
214 1 0 2 1 2 1
215 0 1 1 1 1 1
216 2 1 1 0 3 1
217 0 0 1 0 0 1
218 0 1 1 2 0 2
219 0 1 0 1 0 1
220 0 1 0 1 0 1
221 1 1 0 2 1 1
222 0 1 1 1 0 3
223 2 0 1 1 0 1
224 1 1 1 2 2 1
225 1 1 0 1 0 2
226 0 0 1 1 1 0
227 0 1 0 0 2 0
228 3 1 1 0 1 1
229 1 1 0 1 2 0
230 0 0 2 1 0 0
231 1 1 1 2 0 1
232 1 0 0 0 2 2
233 2 1 1 2 0 1
234 1 1 1 2 1 0
235 1 1 0 0 1 1
236 0 2 1 1 1 1
237 1 2 0 1 0 0
238 1 1 0 1 0 0
239 1 0 0 1 0 0
240 0 0 1 1 1 2
241 0 1 0 2 1 1
242 1 0 1 0 1 1
243 0 2 1 1 2 0
244 1 1 1 0 0 0
245 2 2 0 0 1 2
246 2 1 1 3 1 0
247 1 2 0 0 1 2
248 0 0 1 1 0 0
249 1 1 1 2 0 1
250 1 0 0 1 1 1
251 4 1 1 0 0 0
252 0 1 2 1 0 1
253 1 0 0 1 1 2
254 1 0 0 0 2 0
255 0 1 1 1 0 0
256 1 1 1 1 1 1
257 1 0 2 0 1 2
258 2 1 1 1 0 1
259 0 1 1 0 1 1
260 2 1 0 2 1 0
261 0 1 0 1 0 2
262 1 1 0 1 1 2
263 0 0 0 0 1 0
264 0 0 1 1 1 0
265 0 1 1 0 1 1
266 0 0 1 0 0 2
267 0 1 0 0 1 0
268 0 0 2 0 0 1
269 1 1 1 1 0 0
270 1 2 2 2 0 1
271 2 3 1 0 1 1
272 1 1 1 1 2 2
273 0 1 1 1 2 1
274 1 0 0 0 2 1
275 1 0 1 0 1 0
276 0 1 1 0 2 0
277 1 0 2 1 1 2
278 1 1 0 1 2 0
279 1 0 1 0 0 1
T4
0 1 1 0 0 0 2
1 1 2 2 1 2 0
2 1 0 1 1 1 1
3 2 0 1 1 1 1
4 1 3 2 1 1 2
5 0 1 0 0 0 1
6 1 0 2 1 1 0
7 0 2 2 2 1 0
8 0 1 1 0 2 1
9 1 2 1 1 1 0
10 1 0 1 1 1 0
11 0 0 0 3 1 1
12 1 1 1 0 1 0
13 0 2 1 2 0 2
14 1 1 2 0 0 0
15 0 1 0 1 1 0
16 0 2 2 1 1 1
17 1 1 0 1 0 1
18 0 1 0 0 2 1
19 0 1 0 1 2 0
20 2 2 0 1 3 1
21 1 1 1 0 0 0
22 2 1 1 1 0 0
23 1 1 0 0 0 3
24 1 0 1 0 1 2
25 1 1 1 1 1 0
26 0 2 0 2 2 1
27 0 2 2 1 2 0
28 1 2 1 1 1 2
29 0 1 0 1 0 0
30 1 1 2 1 0 0
31 2 1 1 1 1 0
32 0 0 1 1 1 0
33 1 1 1 2 3 0
34 2 2 3 0 1 1
35 0 1 1 1 1 0
36 2 1 1 0 1 1
37 1 2 0 1 0 1
38 0 3 1 1 1 2
39 1 1 1 1 1 0
40 0 0 0 0 1 3
41 1 1 1 2 1 0
42 1 1 1 3 2 2
43 1 1 0 1 1 1
44 0 1 1 1 1 1
45 3 0 1 0 1 0
46 1 1 2 1 1 2
47 1 0 1 1 0 0
48 0 2 1 1 0 0
49 1 0 1 1 0 0
50 1 0 2 1 0 1
51 1 0 1 0 2 1
52 1 0 1 1 0 0
53 1 1 1 2 1 2
54 1 0 1 1 1 2
55 0 0 0 1 2 1
56 1 0 1 3 0 2
57 2 1 1 1 1 1
58 2 0 0 1 1 1
59 1 2 1 1 1 1
60 2 1 1 0 2 2
61 0 0 1 2 2 1
62 0 0 1 0 1 2
63 1 0 1 1 1 1
64 1 1 1 0 1 0
65 2 0 0 0 2 0
66 1 1 1 1 1 0
67 1 0 0 2 1 0
68 0 2 2 3 1 0
69 2 1 1 2 0 1
70 0 1 0 1 1 1
71 1 1 0 1 1 0
72 1 1 1 0 1 1
73 1 1 2 1 0 1
74 0 0 1 1 1 1
75 1 0 0 1 0 0
76 0 2 0 0 1 0
77 1 1 2 0 2 3
78 2 0 0 2 0 0
79 0 1 1 1 2 0
80 1 1 0 2 1 1
81 0 0 1 2 1 0
82 0 0 1 0 2 0
83 0 2 0 1 0 1
84 0 2 1 1 2 0
85 0 2 0 1 0 1
86 2 1 2 1 1 1
87 1 0 2 1 0 0
88 0 2 2 1 2 0
89 1 2 1 0 1 0
90 1 1 1 1 2 0
91 0 3 1 1 0 1
92 1 0 1 1 0 1
93 0 0 1 2 1 0
94 0 1 0 0 1 0
95 0 0 1 1 1 1
96 1 0 0 1 1 0
97 0 0 1 1 1 0
98 1 1 1 0 1 1
99 1 1 1 1 1 1
100 1 1 2 0 1 0
101 2 1 1 0 2 1
102 1 1 1 1 1 0
103 2 2 0 1 2 1
104 1 2 0 2 1 1
105 0 0 2 0 1 2
106 1 1 1 1 1 2
107 0 0 1 0 1 4
108 1 1 0 1 1 1
109 1 1 1 0 2 3
110 1 0 3 0 0 1
111 1 1 1 1 0 1
112 1 1 1 1 1 2
113 1 2 0 0 0 0
114 2 1 1 0 1 1
115 0 0 1 1 0 1
116 1 0 2 0 1 2
117 1 1 2 0 0 0
118 1 0 3 1 0 0
119 2 0 1 1 2 1
120 1 2 0 0 0 1
121 0 1 1 0 0 0
122 2 1 0 0 1 1
123 1 1 1 0 2 0
124 0 1 1 1 1 1
125 1 0 1 1 1 0
126 1 0 0 1 1 0
127 1 0 1 1 1 1
128 1 1 0 1 1 2
129 1 1 0 0 0 1
130 0 0 0 2 0 2
131 0 0 1 1 1 0
132 0 0 0 1 0 0
133 1 1 1 1 1 0
134 3 0 0 2 1 1
135 1 0 1 1 3 1
136 1 0 1 0 1 1
137 0 2 2 1 0 1
138 1 1 2 1 1 0
139 2 3 0 1 1 2
140 2 1 1 1 0 1
141 1 2 1 0 0 0
142 1 3 1 3 0 1
143 1 1 2 1 2 2
144 0 1 0 1 0 1
145 2 0 2 1 0 1
146 0 0 2 0 1 1
147 1 2 2 1 0 1
148 1 1 1 1 1 1
149 1 1 1 3 1 1
150 2 0 1 1 0 0
151 0 1 1 1 0 1
152 2 1 0 0 2 0
153 2 0 0 1 0 1
154 2 1 3 1 1 1
155 0 1 1 1 1 1
156 0 0 1 2 1 0
157 2 1 2 0 1 0
158 2 1 1 0 0 2
159 0 1 2 0 1 1
160 1 1 1 1 1 0
161 1 0 1 0 1 1
162 2 3 0 0 2 1
163 0 1 2 0 2 1
164 1 2 1 1 1 1
165 0 0 1 2 1 1
166 1 1 0 1 1 0
167 1 0 1 2 1 2
168 1 0 0 1 0 1
169 1 2 0 0 0 1
170 1 0 0 1 2 1
171 2 1 1 1 0 0
172 1 0 0 1 1 2
173 1 0 1 0 0 0
174 2 1 0 2 2 2
175 1 1 2 1 1 2
176 0 0 2 0 0 1
177 1 0 0 1 0 1
178 1 1 1 1 1 1
179 3 1 0 0 1 0
180 2 1 0 0 1 1
181 1 0 4 1 1 0
182 1 1 0 2 1 2
183 4 1 2 0 2 2
184 1 1 0 1 1 1
185 1 2 3 1 2 0
186 1 1 0 1 1 2
187 0 1 1 1 0 1
188 0 1 0 1 2 1
189 1 1 2 3 1 0
190 0 1 3 0 1 0
191 1 0 1 1 2 0
192 0 0 1 2 1 1
193 2 1 0 1 0 0
194 1 2 0 1 0 0
195 0 1 0 0 1 1
196 1 0 0 0 1 1
197 0 1 1 0 0 0
198 1 1 0 2 1 1
199 0 2 0 2 2 1
200 2 0 1 2 1 1
201 2 2 2 1 2 2
202 1 0 0 0 1 1
203 2 1 0 0 0 1
204 0 1 0 1 2 1
205 0 1 1 0 0 1
206 1 1 2 0 0 1
207 1 2 0 0 0 0
208 1 1 0 1 0 1
209 0 1 0 0 1 2
210 1 0 1 1 0 0
211 2 1 0 0 1 1
212 1 1 1 1 1 1
213 0 1 1 1 1 2
214 1 0 0 1 0 1
215 0 2 1 1 0 1
216 1 1 0 1 2 1
217 0 1 1 0 1 1
218 2 2 0 0 1 1
219 1 1 1 1 0 0
220 1 2 1 1 0 3
221 0 0 1 1 1 1
222 0 1 1 0 0 1
223 0 1 1 2 1 0
224 1 1 1 0 0 0
225 0 2 0 0 0 2
226 1 0 2 0 1 2
227 1 0 0 2 2 1
228 0 2 1 1 1 0
229 1 1 0 1 1 2
230 0 1 0 1 1 2
231 1 1 1 1 0 1
232 0 1 1 2 0 0
233 1 2 1 0 2 0
234 2 1 2 1 0 0
235 0 0 0 2 1 0
236 1 1 0 1 1 1
237 1 0 0 0 1 1
238 2 0 1 1 2 2
239 1 0 0 0 1 1
240 2 1 1 1 0 0
241 2 0 2 0 0 1
242 0 0 0 1 1 1
243 1 2 2 0 1 0
244 0 1 0 1 1 1
245 2 1 1 0 0 0
246 1 0 0 1 0 0
247 1 0 0 2 1 0
248 1 3 1 1 1 1
249 1 1 0 0 2 1
250 0 1 0 0 1 0
251 1 1 0 1 0 3
252 0 1 1 1 0 0
253 0 1 1 0 0 1
254 0 0 2 1 0 1
255 0 1 1 1 1 0
256 1 0 0 0 0 1
257 1 1 0 0 1 2
258 2 1 0 0 1 0
259 2 3 2 0 1 0
260 0 0 1 1 0 2
261 1 0 1 1 1 0
262 1 0 1 1 0 2
263 1 1 2 2 2 2
264 0 0 2 1 2 0
265 1 1 0 1 1 0
266 1 2 2 1 4 0
267 1 1 0 3 1 1
268 1 1 1 3 1 0
269 2 1 1 2 1 2
270 2 2 0 1 1 1
271 0 2 0 0 0 1
272 0 0 1 1 3 1
273 2 0 0 0 3 1
274 1 0 1 0 0 1
275 1 1 1 0 2 1
276 0 1 1 0 1 1
277 1 1 0 1 1 0
278 0 1 0 0 1 0
279 1 0 0 1 1 0
T5
0 2 1 2 1 1 1
1 0 1 0 0 0 1
2 1 2 0 0 2 1
3 0 3 2 1 2 0
4 3 0 1 0 1 0
5 1 0 1 1 1 0
6 2 0 1 1 0 2
7 0 0 1 1 1 1
8 3 0 0 0 0 0
9 3 0 1 1 1 2
10 0 1 0 0 2 1
11 0 0 1 1 1 1
12 0 1 1 0 1 0
13 0 1 0 1 1 0
14 1 2 1 1 1 2
15 1 1 1 0 1 2
16 1 0 2 0 0 0
17 3 0 1 2 0 1
18 1 2 1 1 0 0
19 1 1 1 1 1 0
20 1 1 0 1 0 3
21 1 1 1 0 0 0
22 1 1 0 2 2 1
23 2 1 2 0 2 0
24 1 1 1 1 1 1
25 2 0 0 0 0 3
26 1 2 0 0 1 1
27 0 1 1 1 1 0
28 0 1 1 1 1 0
29 1 2 1 2 0 2
30 1 1 1 0 0 1
31 1 1 2 1 1 0
32 2 1 1 3 2 1
33 1 1 1 1 2 0
34 1 0 1 1 0 0
35 0 0 1 1 0 1
36 2 0 1 0 1 1
37 1 2 0 1 1 1
38 0 1 0 0 0 1
39 0 2 1 1 1 0
40 1 2 2 1 1 1
41 2 1 2 0 0 1
42 0 2 0 2 0 1
43 1 1 1 4 1 0
44 1 2 0 1 1 0
45 0 0 2 1 1 1
46 3 0 1 1 1 1
47 1 0 1 0 3 1
48 3 2 1 1 1 1
49 1 1 0 0 1 1
50 0 2 1 0 0 1
51 0 0 1 1 1 2
52 3 1 0 0 1 1
53 1 1 2 0 1 1
54 2 1 1 1 0 0
55 1 2 1 0 0 0
56 1 0 1 1 2 3
57 2 0 1 1 1 0
58 1 1 1 0 1 2
59 1 1 1 3 0 1
60 2 0 1 1 1 2
61 0 1 0 2 0 1
62 1 0 1 0 1 1
63 0 0 1 1 1 1
64 2 1 2 0 0 3
65 1 2 0 0 3 0
66 1 1 0 1 1 3
67 2 1 0 1 0 0
68 0 1 1 1 0 0
69 1 1 1 1 1 1
70 3 0 0 1 0 1
71 1 0 1 1 1 1
72 0 1 0 1 1 0
73 0 2 0 3 0 1
74 1 2 1 1 2 1
75 2 0 1 1 2 1
76 0 1 2 1 1 1
77 1 2 0 0 0 1
78 0 0 1 1 2 1
79 2 2 1 2 2 2
80 2 1 1 1 1 0
81 1 1 1 0 0 1
82 1 2 1 1 1 0
83 2 2 0 0 0 1
84 1 2 2 2 1 0
85 1 1 1 1 1 2
86 0 0 0 0 1 1
87 2 0 0 0 2 0
88 4 2 0 0 2 1
89 1 2 1 1 0 0
90 1 0 0 1 1 0
91 1 0 0 1 0 0
92 1 0 0 2 1 0
93 1 0 1 2 2 0
94 2 0 2 1 0 2
95 0 0 1 2 0 1
96 0 1 0 0 1 2
97 1 0 1 0 2 1
98 0 1 2 0 1 0
99 1 2 1 1 0 0
100 2 2 1 1 1 0
101 1 1 0 1 0 1
102 1 4 0 1 0 3
103 1 2 1 0 1 0
104 1 0 1 2 0 1
105 1 2 0 2 2 2
106 1 1 0 1 2 1
107 0 1 1 1 0 1
108 1 1 1 1 2 2
109 0 1 1 1 1 0
110 0 1 0 1 0 0
111 1 1 1 1 1 0
112 3 2 1 0 2 1
113 1 0 1 1 1 2
114 1 1 2 1 0 1
115 1 0 1 0 2 0
116 1 1 2 2 0 1
117 2 1 2 1 0 1
118 1 1 2 2 2 0
119 0 0 0 0 1 0
120 0 1 1 0 2 3
121 1 1 2 1 0 2
122 2 1 1 1 0 1
123 1 1 2 0 1 2
124 1 2 0 0 0 3
125 2 2 1 1 1 2
126 2 1 0 2 1 1
127 1 1 2 0 1 2
128 0 1 0 0 0 1
129 1 1 0 2 2 0
130 2 0 1 2 2 0
131 0 2 1 1 0 2
132 1 1 0 0 1 2
133 0 0 1 1 1 2
134 2 2 0 0 2 2
135 2 1 1 1 0 0
136 1 0 2 1 0 0
137 1 1 1 0 0 0
138 0 0 3 2 0 0
139 1 0 0 0 1 1
140 1 1 1 1 0 1
141 1 1 0 1 0 0
142 0 1 1 2 1 0
143 1 0 1 1 0 2
144 1 0 1 2 1 1
145 1 1 2 1 1 0
146 2 0 0 1 1 2
147 2 1 1 1 0 2
148 1 0 0 1 1 1
149 0 0 0 2 1 2
150 0 0 0 0 2 0
151 0 2 1 0 2 2
152 1 1 1 1 1 2
153 1 2 0 1 1 1
154 0 0 1 1 0 1
155 1 0 0 1 1 1
156 0 0 0 2 0 1
157 1 1 0 0 0 1
158 1 1 1 0 1 1
159 0 0 0 2 1 1
160 0 1 1 0 1 1
161 1 2 1 0 1 1
162 0 1 0 0 0 1
163 0 0 2 2 1 1
164 1 2 0 2 2 0
165 1 0 1 2 0 0
166 1 2 1 2 1 0
167 2 1 2 1 0 1
168 0 1 1 0 1 1
169 1 0 0 3 1 0
170 1 2 2 1 2 2
171 1 0 1 0 1 0
172 0 0 1 0 1 1
173 2 1 0 1 1 0
174 3 0 0 1 1 1
175 1 2 0 2 1 0
176 0 1 1 1 1 1
177 3 1 0 0 2 1
178 1 1 3 0 0 1
179 1 0 1 2 1 2
180 0 2 2 0 1 3
181 1 1 0 0 1 1
182 3 2 1 0 0 2
183 2 0 2 1 1 1
184 0 1 1 2 1 0
185 0 0 0 1 0 1
186 1 0 2 0 1 2
187 1 0 0 3 0 1
188 0 0 1 0 2 1
189 0 1 2 1 1 1
190 2 1 1 0 2 1
191 2 1 0 0 0 2
192 0 1 1 0 1 0
193 1 2 1 2 0 1
194 1 1 1 0 1 1
195 1 0 0 0 2 2
196 0 3 1 2 0 2
197 1 1 1 1 0 0
198 1 1 0 0 0 0
199 1 1 1 1 1 1
200 1 1 0 1 0 1
201 0 2 0 1 1 1
202 1 1 0 1 0 0
203 0 0 2 2 2 0
204 0 1 2 0 2 0
205 0 1 1 1 2 1
206 1 1 0 1 1 2
207 2 1 1 0 1 1
208 1 0 2 0 2 0
209 0 1 1 0 1 2
210 1 0 1 0 1 2
211 1 2 1 2 0 1
212 2 0 0 2 1 1
213 0 1 0 0 0 1
214 1 1 1 2 1 1
215 1 1 1 2 3 1
216 1 0 0 1 0 1
217 0 0 0 0 1 0
218 2 1 1 1 1 1
219 1 2 1 0 2 1
220 0 2 0 0 0 2
221 0 0 0 2 1 0
222 2 1 1 1 0 0
223 2 2 1 1 1 1
224 0 1 0 3 0 1
225 1 1 0 2 2 0
226 2 2 2 0 0 2
227 1 0 0 2 0 1
228 0 1 1 0 0 2
229 1 1 1 1 1 0
230 1 0 1 1 1 1
231 1 0 2 0 0 2
232 3 2 2 2 0 2
233 2 0 1 1 1 0
234 1 2 2 1 0 1
235 0 1 1 1 2 1
236 0 0 0 0 1 0
237 2 1 1 0 0 1
238 3 1 1 1 3 1
239 0 3 2 2 0 1
240 1 1 0 0 0 2
241 1 2 0 0 1 0
242 1 0 2 1 1 3
243 1 0 1 3 2 1
244 1 1 0 1 0 0
245 1 2 1 1 0 1
246 0 2 0 1 1 0
247 0 0 0 1 1 1
248 1 1 1 1 1 0
249 1 1 1 1 0 1
250 1 1 0 0 1 0
251 1 0 0 1 1 0
252 2 0 3 1 1 0
253 1 1 2 1 0 0
254 0 1 0 1 0 1
255 1 1 1 1 1 1
256 2 0 1 2 0 0
257 1 0 0 0 1 1
258 2 1 1 0 0 0
259 0 1 0 1 1 0
260 2 2 1 2 1 0
261 1 2 0 1 1 2
262 3 0 3 2 1 1
263 1 1 1 0 0 2
264 0 1 1 0 1 1
265 0 0 1 1 0 1
266 0 0 1 3 2 1
267 0 1 1 2 1 2
268 0 1 1 1 0 0
269 1 1 2 0 1 0
270 0 0 1 2 0 2
271 1 1 2 1 1 1
272 0 1 0 1 1 2
273 0 1 0 0 1 2
274 1 2 0 0 1 2
275 1 1 1 1 1 1
276 1 0 1 1 0 0
277 0 0 0 0 0 0
278 0 0 1 2 1 0
279 2 1 1 1 0 0
T6
0 2 0 0 1 0 0
1 1 1 0 1 1 1
2 0 1 1 3 1 1
3 1 0 0 0 0 3
4 1 2 2 0 0 2
5 1 0 1 1 1 1
6 2 2 2 1 2 0
7 1 0 1 1 1 2
8 1 0 1 0 0 0
9 1 0 0 1 1 1
10 0 1 0 2 3 0
11 1 0 0 0 1 1
12 1 0 1 0 1 1
13 0 1 1 1 0 0
14 2 1 2 2 0 0
15 0 0 1 2 1 0
16 0 1 1 1 2 0
17 0 0 1 2 1 1
18 1 2 0 0 0 0
19 1 1 0 0 1 1
20 1 1 1 0 0 1
21 0 1 2 1 1 1
22 2 1 1 2 3 0
23 0 1 0 1 1 0
24 0 1 0 1 0 1
25 1 0 1 1 1 1
26 0 0 2 1 1 0
27 2 0 0 0 0 1
28 0 1 1 1 2 0
29 1 1 0 2 0 0
30 0 0 1 2 0 0
31 1 1 1 1 1 3
32 1 1 2 1 0 2
33 0 1 0 3 0 0
34 0 0 0 0 0 1
35 0 1 0 0 2 2
36 1 0 0 1 1 2
37 2 0 1 1 1 2
38 1 2 1 1 0 1
39 1 0 0 0 1 1
40 0 0 1 1 2 1
41 2 2 0 0 1 0
42 1 1 3 0 0 2
43 0 1 2 1 2 1
44 0 2 2 1 0 0
45 1 1 1 1 1 1
46 0 0 1 1 0 0
47 0 2 0 1 1 1
48 0 1 0 0 2 1
49 2 2 0 1 0 0
50 0 0 0 1 1 1
51 0 2 0 2 1 0
52 0 1 0 1 1 1
53 1 2 1 0 2 1
54 1 2 1 0 1 0
55 2 0 2 0 2 1
56 1 1 2 2 0 0
57 2 2 1 2 0 2
58 1 1 2 0 1 0
59 0 1 1 0 1 1
60 0 1 1 0 0 1
61 1 1 0 0 1 0
62 1 1 0 1 0 1
63 1 0 1 1 0 0
64 2 2 0 1 1 1
65 0 2 1 1 1 1
66 0 1 0 0 0 2
67 1 1 1 1 1 2
68 1 1 1 1 1 1
69 1 0 1 1 1 0
70 1 0 0 0 0 2
71 0 1 0 0 0 1
72 2 0 0 1 1 3
73 1 2 1 2 0 1
74 0 1 0 0 3 1
75 1 2 0 0 1 0
76 0 1 2 0 0 1
77 0 2 0 0 1 0
78 1 2 1 1 1 3
79 0 1 2 2 2 1
80 0 2 1 1 0 2
81 1 0 1 1 2 1
82 1 0 0 0 2 1
83 1 0 1 0 1 0
84 1 1 1 0 1 2
85 2 1 0 2 1 0
86 0 1 2 1 1 0
87 0 1 1 1 1 1
88 1 0 0 0 1 0
89 1 1 2 1 0 2
90 1 0 0 2 0 1
91 0 1 1 1 0 1
92 2 2 1 0 0 1
93 1 1 0 1 2 1
94 2 1 2 0 0 0
95 1 2 1 2 1 0
96 1 0 1 1 1 3
97 1 0 2 2 0 0
98 0 3 1 1 1 0
99 0 0 0 2 0 1
100 0 1 1 1 1 3
101 1 2 0 0 1 2
102 1 1 0 1 0 0
103 1 1 1 2 0 0
104 0 1 2 0 0 2
105 0 0 1 2 0 0
106 1 1 1 2 1 0
107 1 1 0 2 1 1
108 3 0 2 0 1 1
109 1 1 1 1 1 2
110 0 1 1 0 1 1
111 1 1 0 1 2 0
112 1 1 1 1 1 3
113 2 1 0 0 0 0
114 1 2 1 1 1 3
115 0 1 1 1 1 2
116 0 1 1 0 1 0
117 0 0 3 0 2 1
118 1 0 1 0 2 0
119 1 1 2 0 0 0
120 0 0 2 2 0 0
121 1 1 0 1 0 0
122 0 1 0 2 0 0
123 1 3 1 0 2 1
124 0 1 1 1 2 1
125 2 0 1 0 0 0
126 2 1 1 1 1 0
127 0 1 2 2 0 0
128 0 0 1 0 0 0
129 1 0 2 2 1 0
130 1 1 2 1 1 1
131 1 2 1 2 1 0
132 1 0 1 2 0 1
133 1 1 1 0 1 0
134 1 0 0 2 0 2
135 1 1 1 2 0 0
136 1 1 2 1 0 1
137 0 1 0 1 2 0
138 0 1 2 2 2 0
139 2 0 2 0 2 1
140 0 1 0 0 1 1
141 1 1 2 2 1 1
142 3 0 1 1 1 0
143 0 1 0 0 1 0
144 0 0 1 2 1 0
145 1 1 2 0 2 2
146 0 1 1 1 0 1
147 0 0 1 1 1 1
148 0 0 0 1 1 2
149 0 1 0 1 1 2
150 1 0 1 0 0 1
151 0 1 1 2 0 1
152 0 0 0 2 1 1
153 0 2 2 1 1 1
154 1 1 2 1 1 3
155 3 0 1 1 1 1
156 1 0 0 0 1 0
157 1 0 0 1 1 0
158 2 1 1 2 0 0
159 1 1 0 0 1 0
160 3 2 1 2 0 3
161 1 2 2 1 2 1
162 2 0 1 2 1 1
163 1 1 1 0 1 0
164 1 1 0 0 1 2
165 2 0 0 1 1 0
166 1 2 2 1 2 0
167 0 1 0 1 1 2
168 0 1 0 0 0 1
169 1 2 0 1 2 0
170 0 1 0 0 1 2
171 1 1 1 1 0 1
172 0 2 3 0 1 1
173 0 2 1 1 1 2
174 1 2 1 0 0 1
175 1 1 3 0 2 1
176 1 0 0 0 0 1
177 0 0 0 0 0 1
178 2 0 0 1 0 1
179 0 1 2 1 0 1
180 0 2 2 0 0 1
181 1 0 2 0 0 1
182 0 2 0 1 0 0
183 1 0 0 4 1 0
184 1 0 1 2 0 1
185 1 0 1 0 1 2
186 2 2 3 0 0 1
187 0 1 2 0 2 2
188 2 1 0 1 1 1
189 0 0 1 0 0 0
190 1 2 1 1 0 0
191 1 0 0 0 2 1
192 1 1 1 0 1 1
193 0 1 1 2 2 1
194 0 0 0 1 0 1
195 0 1 0 0 2 1
196 0 0 0 2 1 0
197 0 3 1 1 0 2
198 1 1 0 0 1 0
199 1 1 1 2 1 0
200 1 1 2 0 2 0
201 1 0 0 0 1 1
202 2 0 0 1 0 1
203 1 1 1 0 1 1
204 1 2 1 1 2 2
205 1 1 0 0 0 2
206 1 0 2 0 1 1
207 1 1 1 1 1 2
208 0 0 1 1 1 1
209 0 1 1 1 1 1
210 2 1 2 1 2 0
211 1 1 0 1 1 1
212 2 2 0 1 3 1
213 0 1 0 2 1 2
214 0 1 2 2 0 1
215 1 0 1 2 2 2
216 0 1 2 1 1 1
217 0 0 0 1 0 0
218 1 1 2 1 1 1
219 2 2 1 1 1 0
220 0 2 1 1 2 0
221 1 1 3 1 2 2
222 0 2 2 0 0 2
223 0 1 0 0 1 0
224 1 1 0 1 1 1
225 1 0 1 0 2 2
226 1 2 0 0 1 1
227 1 0 1 0 1 0
228 1 0 0 2 1 1
229 1 0 0 1 1 0
230 3 1 1 1 2 2
231 1 0 0 2 2 1
232 0 2 2 0 1 1
233 2 1 0 2 1 0
234 0 0 0 1 1 0
235 1 0 2 0 0 1
236 3 2 1 1 0 1
237 0 1 2 1 0 1
238 0 0 0 0 3 1
239 1 0 0 1 1 0
240 1 1 2 1 1 0
241 1 0 0 0 1 1
242 2 0 0 1 3 1
243 1 1 1 2 1 0
244 0 1 2 1 1 0
245 1 1 0 0 1 0
246 0 1 1 2 2 1
247 0 1 1 0 0 1
248 2 0 1 0 0 2
249 1 0 1 0 1 0
250 2 1 0 1 0 0
251 2 0 0 1 0 3
252 1 1 1 0 0 1
253 1 0 1 2 0 2
254 0 1 2 0 1 0
255 1 1 1 1 1 1
256 1 1 1 2 0 1
257 2 1 1 1 0 1
258 2 2 1 1 0 1
259 0 1 0 1 0 2
260 1 0 1 0 0 0
261 0 1 0 0 0 0
262 0 1 1 0 1 1
263 1 1 0 0 1 1
264 1 0 2 2 0 1
265 1 1 1 2 1 1
266 0 0 1 1 0 1
267 1 2 1 1 0 1
268 3 0 1 0 0 2
269 1 0 1 0 2 1
270 0 1 0 1 1 1
271 1 1 0 0 1 0
272 1 0 2 1 1 1
273 2 1 2 2 1 1
274 0 1 1 0 2 0
275 0 1 1 0 1 0
276 1 2 3 0 1 0
277 1 0 0 2 0 2
278 3 1 1 1 1 0
279 1 1 1 1 0 1
T7
0 1 0 1 1 2 2
1 2 1 1 2 1 0
2 0 2 1 0 1 1
3 0 1 1 1 1 1
4 1 1 1 0 1 1
5 1 1 0 0 1 0
6 1 1 0 0 1 1
7 0 1 1 2 1 0
8 0 2 1 0 1 0
9 0 1 1 0 3 1
10 2 1 2 1 1 0
11 1 1 2 2 1 0
12 1 1 1 1 1 1
13 1 0 0 0 3 1
14 0 1 0 1 1 1
15 0 0 0 1 1 0
16 1 0 2 1 1 1
17 1 1 0 1 0 1
18 1 1 0 0 1 0
19 1 3 1 1 1 1
20 0 2 2 0 1 1
21 1 0 1 1 1 0
22 1 1 0 0 0 0
23 1 2 0 0 1 2
24 1 2 1 1 2 0
25 3 1 2 1 1 1
26 0 2 1 1 1 1
27 0 1 0 2 1 1
28 0 1 2 2 1 2
29 1 1 0 0 1 0
30 1 1 1 0 2 1
31 2 1 2 1 2 1
32 0 0 0 2 1 1
33 2 0 1 1 1 0
34 1 2 1 1 0 0
35 1 1 1 1 0 1
36 0 1 0 0 3 2
37 1 2 0 1 1 0
38 1 1 1 1 1 2
39 0 0 0 0 1 2
40 1 1 0 2 0 1
41 0 2 3 0 1 0
42 1 1 2 2 1 1
43 2 1 2 0 1 0
44 1 1 0 1 0 1
45 1 1 2 1 1 1
46 0 2 3 1 1 0
47 0 1 1 0 1 0
48 0 1 1 1 1 2
49 1 1 2 1 1 0
50 0 1 0 0 1 1
51 1 0 2 0 0 2
52 2 3 1 2 1 1
53 0 1 0 1 0 1
54 2 1 1 1 0 1
55 3 0 0 0 1 1
56 1 0 1 1 0 1
57 0 0 1 2 1 1
58 3 1 0 1 1 0
59 2 1 1 0 2 1
60 1 1 1 2 1 0
61 0 2 0 0 1 0
62 1 1 0 3 1 1
63 2 2 1 0 1 2
64 0 1 1 0 0 2
65 0 0 0 4 0 1
66 0 2 2 1 1 1
67 1 3 0 2 1 0
68 1 2 0 1 0 1
69 1 1 1 2 1 0
70 1 0 1 2 1 1
71 1 0 2 0 1 0
72 0 0 1 1 0 0
73 3 0 1 0 1 2
74 0 1 2 2 0 1
75 0 2 0 1 1 0
76 0 0 1 1 0 1
77 1 0 0 1 1 1
78 0 2 0 1 1 1
79 1 1 1 0 0 2
80 0 0 1 1 1 0
81 0 0 0 1 0 1
82 1 0 0 1 2 2
83 1 1 0 3 1 1
84 1 1 2 1 1 1
85 0 0 0 0 0 1
86 0 0 0 1 1 0
87 1 1 1 1 1 1
88 2 1 0 1 0 1
89 0 0 0 1 0 2
90 2 2 1 1 2 0
91 1 0 1 3 0 2
92 2 1 1 0 2 0
93 2 1 1 1 1 0
94 1 0 1 0 1 0
95 1 1 1 1 2 1
96 0 1 1 1 2 0
97 1 1 1 0 1 0
98 1 0 0 1 0 0
99 1 1 1 2 0 1
100 1 1 1 0 1 0
101 0 1 2 2 1 0
102 2 2 0 0 1 1
103 0 0 1 1 3 0
104 1 1 2 0 0 1
105 2 2 1 1 1 0
106 0 0 2 3 1 0
107 1 1 1 1 0 0
108 1 2 0 1 0 0
109 1 1 2 0 2 3
110 1 0 1 0 1 2
111 1 0 0 0 1 1
112 0 1 1 1 1 3
113 1 0 1 0 2 2
114 0 2 0 0 0 0
115 0 2 1 1 1 1
116 0 2 1 2 2 0
117 1 0 0 0 1 2
118 0 1 0 1 1 0
119 0 2 0 0 0 1
120 1 2 0 0 0 1
121 1 1 0 1 1 0
122 2 0 0 0 0 1
123 1 1 0 1 1 1
124 0 0 0 0 1 2
125 2 0 0 1 0 1
126 0 1 1 1 1 1
127 0 0 0 1 0 1
128 1 1 1 1 0 0
129 0 1 1 0 2 2
130 0 0 1 0 1 0
131 1 1 1 0 2 0
132 2 1 1 0 1 0
133 0 0 0 0 0 0
134 1 2 0 2 1 0
135 2 2 1 1 1 0
136 0 0 1 1 0 1
137 1 1 0 1 1 1
138 1 0 2 0 2 0
139 1 2 0 0 1 2
140 1 0 0 1 1 1
141 2 1 0 0 1 1
142 1 1 0 1 0 2
143 0 0 1 1 0 1
144 1 1 1 0 1 1
145 1 1 0 2 1 1
146 1 2 0 1 0 1
147 0 1 1 1 1 1
148 1 1 2 0 3 0
149 0 1 1 0 1 1
150 3 0 1 0 2 1
151 0 1 1 1 1 1
152 0 0 3 1 0 1
153 0 1 1 1 1 1
154 1 1 0 3 2 0
155 0 0 2 0 1 1
156 0 0 0 0 1 0
157 1 1 1 2 0 1
158 1 0 0 1 1 0
159 1 2 1 0 2 0
160 3 1 0 1 2 0
161 1 1 1 1 1 1
162 1 1 1 0 2 1
163 2 2 1 0 0 1
164 1 2 0 0 0 0
165 0 0 1 1 0 0
166 1 0 1 0 0 0
167 0 2 1 0 0 1
168 2 0 0 1 1 0
169 0 2 1 1 0 1
170 1 0 0 0 1 0
171 1 1 1 1 1 0
172 0 1 0 0 2 1
173 0 0 1 1 1 1
174 0 0 2 0 1 1
175 1 0 0 1 0 1
176 1 1 1 0 1 1
177 1 1 0 2 1 1
178 2 1 0 1 1 0
179 0 1 0 1 0 1
180 1 1 2 0 2 2
181 0 0 3 0 0 2
182 1 1 1 0 1 1
183 0 1 0 2 2 1
184 2 2 1 1 0 1
185 1 1 2 1 1 1
186 2 1 0 1 1 2
187 1 0 1 1 1 1
188 2 1 0 3 1 0
189 1 2 0 1 1 1
190 1 0 1 1 3 0
191 0 1 1 2 0 1
192 1 1 1 1 1 2
193 1 2 0 0 1 1
194 2 1 2 1 2 1
195 0 0 0 1 2 1
196 1 1 1 1 0 1
197 3 0 0 1 2 1
198 1 2 0 1 1 2
199 2 0 2 1 0 0
200 0 1 1 2 0 0
201 0 1 2 1 1 0
202 0 1 0 0 2 0
203 0 1 2 1 1 1
204 0 0 0 1 1 2
205 0 3 1 1 2 1
206 3 1 2 0 1 1
207 2 0 0 0 0 2
208 0 1 1 0 2 0
209 3 1 0 1 0 0
210 1 1 0 0 2 1
211 1 0 1 1 1 2
212 0 1 1 1 1 2
213 2 1 3 2 2 0
214 0 0 0 1 1 1
215 2 1 2 1 0 1
216 0 1 1 0 1 2
217 1 0 0 2 1 0
218 1 1 2 2 0 1
219 1 1 0 1 0 1
220 1 1 1 1 2 0
221 1 0 0 2 3 1
222 2 0 0 1 0 2
223 0 1 2 0 1 0
224 0 1 1 0 2 1
225 2 1 1 0 1 0
226 0 1 1 1 1 1
227 0 1 1 0 0 2
228 1 1 2 1 2 0
229 1 0 0 1 0 1
230 1 0 0 1 1 1
231 2 1 2 1 1 1
232 0 0 1 0 1 0
233 0 0 0 0 0 0
234 2 0 1 2 0 0
235 2 3 0 1 1 1
236 1 1 1 1 0 1
237 1 1 1 0 0 2
238 1 2 2 1 1 0
239 1 0 1 0 2 1
240 0 0 1 0 4 0
241 1 0 0 1 0 1
242 1 0 2 1 1 0
243 0 0 0 1 1 1
244 1 0 1 1 1 2
245 1 2 1 1 1 1
246 1 2 0 1 0 1
247 1 0 1 1 2 1
248 0 0 0 1 1 1
249 1 1 0 0 1 1
250 1 0 0 1 1 1
251 0 1 1 0 0 0
252 1 0 0 1 1 0
253 0 0 1 1 0 0
254 2 0 2 0 1 0
255 1 1 1 0 2 3
256 0 1 0 1 2 0
257 0 0 1 0 0 1
258 1 0 0 1 1 3
259 0 0 1 1 0 1
260 2 0 2 1 4 1
261 0 1 1 0 1 1
262 0 1 1 2 1 1
263 2 0 1 1 1 1
264 1 0 0 1 0 1
265 2 0 1 0 0 1
266 0 1 1 2 1 2
267 0 0 0 1 0 0
268 1 1 0 1 1 2
269 0 1 0 0 0 0
270 1 2 0 0 2 0
271 1 1 1 1 1 2
272 1 0 1 1 2 1
273 1 1 1 0 1 1
274 1 0 0 1 3 0
275 1 2 0 2 2 0
276 0 1 1 0 1 1
277 2 3 2 2 1 1
278 0 0 0 0 1 0
279 0 2 1 0 2 1
