T0
0 2 1 2 0 0 1 0 1
1 1 0 0 2 2 2 1 0
2 0 1 1 2 1 0 2 1
3 0 0 1 0 2 2 0 1
4 0 1 2 0 1 2 0 2
5 1 0 0 0 1 1 1 1
6 1 1 2 1 0 1 1 2
7 1 2 0 0 1 0 1 1
8 0 0 2 0 0 1 1 0
9 0 1 0 1 1 0 0 1
10 1 1 1 1 0 0 1 0
11 2 2 1 1 2 1 2 1
12 1 1 1 0 1 1 0 2
13 1 3 2 1 2 0 2 0
14 0 2 1 2 1 1 1 0
15 1 0 2 1 1 1 0 0
16 1 0 1 0 1 0 0 1
17 1 1 0 1 1 1 1 0
18 1 1 0 0 0 1 0 0
19 0 1 1 1 0 1 1 1
20 1 0 2 2 1 2 1 0
21 1 0 0 0 1 0 0 1
22 0 2 1 1 1 2 1 0
23 0 2 2 1 3 0 1 1
24 2 1 1 0 1 0 1 3
25 1 1 2 0 2 0 1 1
26 0 2 0 3 0 1 0 1
27 2 0 1 0 1 2 0 0
28 0 1 0 1 1 0 2 0
29 1 2 0 0 1 1 0 1
30 1 1 0 1 0 1 0 1
31 1 0 0 1 0 1 1 1
32 1 1 0 0 0 1 0 1
33 1 1 2 2 0 3 1 0
34 1 1 1 0 0 1 0 1
35 1 0 1 1 1 0 0 0
36 1 2 2 2 1 1 1 1
37 1 1 1 3 0 2 1 1
38 2 2 0 0 1 2 0 2
39 2 1 1 2 1 0 1 1
40 1 1 0 3 0 0 0 2
41 1 1 0 0 2 2 1 2
42 2 0 1 2 1 0 1 0
43 1 1 1 0 1 1 0 1
44 2 0 1 1 0 1 0 2
45 1 1 2 1 2 0 0 1
46 1 0 1 0 1 1 1 3
47 1 1 1 1 1 1 1 1
48 1 1 2 2 1 1 1 0
49 0 1 1 0 0 1 0 1
50 2 2 1 2 0 0 3 1
51 0 2 0 1 2 2 1 1
52 1 0 1 2 0 1 0 2
53 1 1 1 2 0 2 1 2
54 2 1 0 1 1 1 0 1
55 1 0 1 0 3 2 3 0
56 1 1 1 2 1 0 1 0
57 1 2 1 1 0 0 1 1
58 1 1 1 0 0 1 1 0
59 1 0 0 1 0 1 0 2
60 1 2 2 1 1 1 0 0
61 1 1 1 1 1 0 0 0
62 0 0 1 1 1 1 2 0
63 2 1 1 1 1 1 0 2
64 1 0 2 1 0 1 1 1
65 1 1 0 1 1 1 1 1
66 1 2 0 2 3 0 2 2
67 1 2 2 0 1 2 0 0
68 0 0 1 2 0 0 0 1
69 2 1 1 1 2 1 1 0
70 0 0 1 2 0 0 0 0
71 1 1 1 0 3 2 0 0
72 0 0 1 2 0 1 0 0
73 1 0 0 2 1 1 1 1
74 1 2 1 1 2 0 0 0
75 2 1 1 0 2 1 0 3
76 1 2 1 0 2 1 1 1
77 1 1 1 2 1 1 1 1
78 1 0 0 1 2 1 1 0
79 1 2 0 1 1 1 1 1
80 1 0 1 0 0 0 0 2
81 1 0 1 2 1 1 0 1
82 1 2 2 2 1 1 1 0
83 0 1 2 1 0 3 1 0
84 1 0 2 0 1 1 2 2
85 2 0 1 1 1 0 2 0
86 1 1 1 0 0 0 1 1
87 1 1 2 1 2 2 0 1
88 1 1 1 1 0 0 1 1
89 1 1 0 0 2 0 0 1
90 1 0 1 1 1 1 1 0
91 1 1 0 1 2 0 1 1
92 1 0 0 0 1 1 0 0
93 2 1 2 0 1 0 0 1
94 2 1 0 0 1 1 2 1
95 2 1 0 1 0 0 0 1
96 1 1 1 0 1 1 1 2
97 1 3 2 1 1 1 1 1
98 1 1 1 1 1 1 3 2
99 1 1 1 2 0 0 2 0
100 0 0 0 1 2 0 2 1
101 1 1 1 1 2 1 1 1
102 0 1 1 3 0 0 0 1
103 0 2 3 1 0 0 0 0
104 1 0 0 2 1 1 2 1
105 0 0 1 1 0 3 0 0
106 0 1 1 0 2 1 2 0
107 1 0 0 0 1 2 2 0
108 2 1 1 0 2 0 1 2
109 1 1 1 0 0 2 1 1
110 0 1 1 1 1 0 2 0
111 2 0 0 1 1 3 1 1
112 1 1 1 2 0 1 1 2
113 1 1 0 0 1 0 1 1
114 1 0 3 2 0 0 2 0
115 1 3 3 3 3 3 0 0
116 1 1 1 1 1 1 1 2
117 1 1 1 0 0 1 1 0
118 0 1 1 2 0 1 0 2
119 0 1 2 1 1 0 1 0
120 0 1 1 0 1 1 0 1
121 1 2 1 1 1 2 2 1
122 0 1 1 1 1 1 0 2
123 2 0 1 0 1 1 0 0
124 1 0 0 1 1 0 0 1
125 1 0 1 1 2 0 1 0
126 2 2 2 0 1 0 1 0
127 1 2 1 1 1 1 1 0
128 1 1 0 1 0 0 1 2
129 1 0 2 1 0 0 0 1
130 1 1 1 1 2 2 1 0
131 0 0 1 1 1 0 2 1
132 1 2 1 0 0 1 1 0
133 1 1 1 2 0 0 1 1
134 2 1 3 1 1 1 1 1
135 3 1 1 1 0 0 2 0
136 0 0 0 1 2 1 0 1
137 1 0 0 0 1 2 1 0
138 0 1 0 1 1 0 1 1
139 1 1 2 1 0 1 1 1
140 1 1 2 0 1 2 1 1
141 2 0 1 0 0 0 1 2
142 0 0 2 0 0 1 0 1
143 1 0 1 0 1 2 1 1
144 1 1 0 1 2 2 1 1
145 2 0 1 0 0 1 1 1
146 1 1 0 1 0 2 0 2
147 1 0 1 2 1 0 0 0
148 0 1 1 1 3 1 2 1
149 0 2 3 1 2 0 2 0
150 0 1 0 2 0 0 1 1
151 1 2 1 1 1 0 0 1
152 1 1 1 2 1 1 1 1
153 2 1 0 0 1 1 1 0
154 0 1 1 0 1 0 0 1
155 1 2 0 2 0 0 1 2
156 1 3 1 0 0 1 1 0
157 0 0 1 1 1 0 0 0
158 0 1 1 0 0 1 1 0
159 1 0 2 0 1 1 0 0
160 0 0 1 1 0 1 2 2
161 1 1 1 2 1 0 1 1
162 1 1 1 1 1 0 2 0
163 1 2 1 1 1 1 0 1
164 1 1 3 0 2 1 1 0
165 2 0 2 1 2 0 0 1
166 1 1 0 1 1 2 0 0
167 0 1 1 1 3 0 1 1
168 1 2 0 1 0 0 1 0
169 2 1 1 1 1 0 2 0
170 1 1 2 0 1 1 1 1
171 0 0 1 1 1 2 1 1
172 2 0 0 1 1 2 0 0
173 2 0 2 1 0 2 1 1
174 0 1 0 0 3 2 1 2
175 1 0 0 1 1 0 1 2
176 1 2 1 1 1 1 0 1
177 2 1 0 1 2 1 0 3
178 0 1 1 2 2 1 1 0
179 0 1 1 2 0 1 2 3
180 1 2 1 0 1 0 0 1
181 3 0 1 1 1 0 0 1
182 0 0 1 1 1 0 1 2
183 1 1 1 0 1 2 1 1
184 2 0 0 1 0 0 1 2
185 0 0 2 1 1 0 2 1
186 0 0 1 0 1 0 1 0
187 2 0 0 0 1 1 0 1
188 1 0 2 1 2 1 1 1
189 1 1 1 2 1 0 1 2
190 1 3 1 1 1 0 3 0
191 2 1 1 1 1 1 1 0
192 1 1 2 2 1 1 0 0
193 1 2 1 1 1 1 0 0
194 0 1 1 2 0 0 0 1
195 1 1 1 0 1 0 0 2
196 1 1 1 1 0 1 1 0
197 1 1 1 1 0 1 0 1
198 1 0 1 1 1 1 1 0
199 0 1 3 1 0 1 1 1
200 1 1 0 0 0 0 1 0
201 1 1 1 0 0 1 1 1
202 0 1 1 0 1 0 1 1
203 0 0 1 2 1 1 2 0
204 1 1 1 2 1 2 1 1
205 2 1 0 0 0 2 3 0
206 1 1 1 1 0 2 1 1
207 2 0 1 1 0 2 0 1
208 0 1 1 1 0 0 0 1
209 1 1 3 0 1 0 1 1
210 1 0 1 1 1 1 2 1
211 0 1 0 1 1 0 0 1
212 1 1 2 0 1 2 0 0
213 1 2 1 1 0 0 2 0
214 0 1 1 1 0 0 1 1
215 2 0 0 0 1 1 3 1
216 1 1 0 1 1 0 1 0
217 1 0 0 0 0 1 2 1
218 1 0 0 0 1 2 2 1
219 0 0 2 2 1 1 0 1
220 1 0 0 0 1 1 1 1
221 0 1 2 0 2 1 1 0
222 1 1 2 0 1 2 0 2
223 0 1 0 1 0 2 0 2
224 1 0 1 1 1 0 0 0
225 2 1 0 0 1 1 1 1
226 1 1 2 1 1 0 0 2
227 1 1 1 0 1 1 1 0
228 1 1 1 0 1 1 1 1
229 0 0 0 0 1 0 1 1
230 1 1 1 0 0 1 0 0
231 2 1 0 0 1 1 1 0
232 1 0 0 1 1 1 1 0
233 0 0 1 1 1 0 0 1
234 0 0 1 2 1 2 2 1
235 0 3 2 0 0 1 1 0
236 1 0 0 1 1 1 1 1
237 0 0 1 1 0 0 0 1
238 1 0 0 0 2 0 1 1
239 0 3 1 1 0 2 1 0
240 0 0 0 1 0 3 1 2
241 0 1 0 1 2 2 1 1
242 0 1 2 1 0 0 0 1
243 1 0 0 0 2 1 0 0
244 1 0 1 1 1 1 0 1
245 0 1 1 3 1 1 1 1
246 1 1 1 0 0 1 1 1
247 1 1 0 1 2 1 1 0
248 2 1 2 1 1 1 2 1
249 2 0 0 1 2 2 1 1
250 3 1 3 1 1 0 0 1
251 1 2 0 0 1 0 0 0
252 1 1 1 1 1 0 1 2
253 1 0 3 1 1 0 0 2
254 2 0 0 1 1 1 1 0
255 1 0 1 1 2 0 1 1
256 0 0 1 1 1 1 1 1
257 0 2 0 1 0 1 1 0
258 2 1 1 1 1 1 0 1
259 0 0 3 2 0 0 1 2
260 1 1 0 0 1 1 1 0
261 0 1 1 1 1 0 0 0
262 1 0 2 1 1 2 0 3
263 1 0 1 1 2 0 1 2
264 0 0 1 1 0 0 1 0
265 0 1 1 1 0 3 0 2
266 0 2 1 1 3 0 1 0
267 1 0 2 0 0 1 1 0
268 1 3 0 1 0 1 0 2
269 2 1 1 1 0 0 1 0
270 0 1 1 0 1 0 0 0
271 0 0 1 1 1 0 1 1
272 0 3 1 1 1 0 1 1
273 1 1 1 0 2 0 1 2
274 1 3 1 1 1 0 1 2
275 1 1 0 0 2 1 2 0
276 1 1 0 1 0 2 0 2
277 0 1 2 2 1 1 0 2
278 0 0 2 0 1 1 0 1
279 1 2 0 1 0 1 0 2
T1
0 0 2 1 1 0 1 0 1
1 3 0 2 1 0 0 1 1
2 0 1 0 0 0 0 0 1
3 2 0 0 2 1 1 1 1
4 2 1 1 2 3 2 1 1
5 2 0 1 0 0 1 1 0
6 1 0 1 1 0 1 0 1
7 2 0 0 1 1 1 0 0
8 1 3 1 1 1 0 0 1
9 2 0 0 1 1 1 0 0
10 1 1 1 1 0 1 0 0
11 2 0 0 0 1 1 0 1
12 0 0 1 1 1 1 1 1
13 0 2 0 1 1 1 1 1
14 1 1 1 0 0 0 1 1
15 1 0 0 1 1 1 1 1
16 1 1 1 2 1 2 1 1
17 2 0 2 2 0 1 0 0
18 1 0 0 0 0 0 0 0
19 0 0 0 1 0 0 1 1
20 1 1 0 1 2 3 1 0
21 0 1 1 2 0 1 1 1
22 1 2 1 1 1 1 2 1
23 0 1 0 0 0 2 1 1
24 1 2 1 3 1 3 0 1
25 1 0 1 1 0 1 2 1
26 1 0 0 1 1 1 1 1
27 2 1 2 1 2 0 1 1
28 0 1 0 1 1 2 0 1
29 0 1 0 1 2 1 0 2
30 0 1 0 2 1 1 0 1
31 1 0 0 1 1 0 0 0
32 1 1 2 1 1 3 0 1
33 0 1 1 1 0 1 0 1
34 2 0 0 2 2 1 1 1
35 3 2 1 0 1 1 1 2
36 1 1 1 0 2 0 1 1
37 0 1 1 1 0 1 0 0
38 1 0 1 2 1 0 1 0
39 1 0 1 1 0 1 1 1
40 0 0 1 1 1 0 1 2
41 2 0 0 0 0 1 1 0
42 1 1 0 2 0 1 0 0
43 1 0 2 1 1 0 0 0
44 0 0 0 0 1 1 0 0
45 0 0 0 1 1 1 1 2
46 0 0 0 2 0 1 0 1
47 0 2 1 2 0 1 0 0
48 1 1 1 1 0 0 0 1
49 1 0 2 1 0 0 1 0
50 1 1 0 0 0 1 1 0
51 1 1 0 1 3 1 1 1
52 1 1 1 0 0 1 1 0
53 0 0 1 2 1 0 1 0
54 2 1 1 1 1 2 4 0
55 2 1 0 2 0 0 1 1
56 2 0 0 0 0 1 2 1
57 0 1 0 0 0 1 3 1
58 0 0 1 1 3 1 2 1
59 0 1 0 1 1 1 2 1
60 1 0 2 1 1 2 1 0
61 0 2 1 1 1 2 1 0
62 1 1 0 0 0 0 1 1
63 2 1 0 0 1 2 1 0
64 1 0 1 1 0 1 1 1
65 1 1 0 1 1 1 0 1
66 1 0 0 1 0 1 1 2
67 1 0 2 0 1 1 1 1
68 1 1 2 1 3 1 0 2
69 1 0 1 0 2 1 1 0
70 2 1 1 1 1 1 0 0
71 1 3 0 2 1 0 1 2
72 1 0 1 1 0 1 0 1
73 1 1 0 1 0 0 1 1
74 0 0 1 0 0 1 2 0
75 2 0 0 0 1 1 2 1
76 1 1 1 1 1 2 2 1
77 0 1 1 0 2 0 0 1
78 0 1 2 0 0 1 1 1
79 0 0 2 1 0 1 1 1
80 0 0 1 0 0 2 0 0
81 1 1 1 0 1 0 0 1
82 0 2 2 1 1 1 1 1
83 1 0 0 1 0 2 2 1
84 0 1 0 0 0 0 1 0
85 0 0 0 1 0 0 0 0
86 2 2 0 0 1 1 1 3
87 0 0 1 1 1 0 0 1
88 0 1 1 2 1 3 1 1
89 0 0 2 2 3 2 1 2
90 0 1 0 1 1 1 0 0
91 1 0 2 1 1 1 0 0
92 1 2 1 0 1 0 1 2
93 1 0 0 1 0 0 0 1
94 1 1 0 1 1 0 2 1
95 0 0 2 1 0 0 1 2
96 1 0 1 1 1 0 0 0
97 0 0 1 0 1 1 2 2
98 1 0 3 1 1 1 0 0
99 1 0 1 1 0 0 1 0
100 1 1 2 0 1 0 0 3
101 3 0 2 1 1 1 1 1
102 1 1 0 1 1 2 0 2
103 1 1 1 1 3 0 1 1
104 1 1 1 1 1 0 1 1
105 1 0 1 0 2 1 0 2
106 2 0 1 1 0 1 1 0
107 2 1 1 2 0 1 1 0
108 1 2 2 1 1 1 1 0
109 1 0 1 0 1 1 0 0
110 1 1 0 0 1 0 1 0
111 1 0 0 1 0 1 0 2
112 1 0 1 1 0 2 1 2
113 1 2 0 1 1 1 1 3
114 1 2 0 1 1 1 1 3
115 1 2 0 0 0 0 2 1
116 0 2 1 0 1 1 0 0
117 1 3 0 1 0 2 2 1
118 1 1 1 1 2 1 1 0
119 0 0 0 1 1 1 2 2
120 1 3 0 1 1 0 1 0
121 1 1 1 0 1 2 0 2
122 1 0 1 1 0 1 1 0
123 0 1 1 1 1 3 1 1
124 1 0 1 0 0 0 1 1
125 0 0 1 0 1 0 0 0
126 1 2 3 0 1 0 1 0
127 0 0 2 1 2 1 1 1
128 1 1 1 1 0 1 0 0
129 0 0 1 2 1 1 2 1
130 1 2 1 2 1 0 0 1
131 2 1 0 0 0 1 1 0
132 1 1 0 1 0 1 1 0
133 1 0 1 0 0 0 0 0
134 3 0 0 0 1 0 0 1
135 1 0 1 0 1 0 0 1
136 2 1 0 1 0 2 1 0
137 2 1 2 1 0 0 0 0
138 1 0 1 0 2 2 0 2
139 1 0 1 1 3 1 0 0
140 0 0 0 1 1 1 1 0
141 1 1 1 0 1 0 1 0
142 1 1 1 0 1 1 1 0
143 1 1 0 1 0 1 1 0
144 2 2 1 0 1 1 1 2
145 2 0 2 1 1 2 1 1
146 2 1 1 1 2 1 1 2
147 1 0 2 1 2 0 2 0
148 1 0 0 1 1 0 1 2
149 0 1 3 2 0 1 0 1
150 1 1 0 1 2 1 0 0
151 1 3 2 1 2 0 1 0
152 2 1 0 0 1 0 0 1
153 1 0 0 1 1 1 1 0
154 2 2 1 1 0 0 1 2
155 2 2 0 0 1 2 1 1
156 1 1 1 0 0 1 2 0
157 1 2 0 1 0 3 0 0
158 1 1 1 1 1 0 0 2
159 0 0 0 0 2 2 2 1
160 0 0 0 1 0 0 0 4
161 1 1 1 0 1 0 1 0
162 1 2 0 3 2 1 1 2
163 0 1 1 2 1 0 0 1
164 1 1 0 1 1 0 1 0
165 1 1 1 2 1 2 0 1
166 1 1 0 1 3 0 2 1
167 1 1 1 2 1 2 1 1
168 1 1 1 0 0 1 1 1
169 1 1 1 1 0 2 0 1
170 2 1 1 1 1 0 1 1
171 2 1 1 0 0 1 0 1
172 0 2 1 1 1 1 0 2
173 0 1 3 0 2 1 2 2
174 0 2 0 0 1 1 0 0
175 1 1 1 0 0 1 1 1
176 0 0 3 0 0 0 0 0
177 0 2 1 1 1 0 2 1
178 0 0 1 2 1 1 0 1
179 1 2 0 0 0 2 0 1
180 1 3 1 3 1 1 2 0
181 1 0 1 1 0 1 1 1
182 0 0 3 1 1 0 0 1
183 1 2 1 1 0 3 1 2
184 1 2 1 1 0 1 2 0
185 0 0 0 2 0 0 1 0
186 0 0 1 0 1 0 1 0
187 0 1 2 1 2 2 1 1
188 0 1 0 0 0 2 1 1
189 3 2 1 1 2 0 0 0
190 2 2 0 1 1 3 1 1
191 1 1 0 1 1 1 0 0
192 2 0 1 1 0 0 1 0
193 0 1 0 2 0 1 0 1
194 1 1 0 1 2 0 0 0
195 0 0 1 2 1 1 2 0
196 1 1 0 1 0 1 1 0
197 1 0 1 1 1 0 1 1
198 1 1 0 2 1 1 2 1
199 0 2 1 1 1 3 3 2
200 1 0 2 1 0 1 0 2
201 1 0 0 0 1 1 0 1
202 1 1 2 1 1 0 1 1
203 0 0 0 2 1 0 1 0
204 0 0 0 1 1 1 0 1
205 0 0 1 0 1 1 1 1
206 1 1 1 1 0 0 1 1
207 1 2 0 0 1 2 2 1
208 1 1 0 0 0 1 2 0
209 0 1 1 1 1 0 0 0
210 2 1 1 0 1 1 1 0
211 2 2 1 2 0 1 0 0
212 2 1 1 1 1 1 1 1
213 1 0 1 2 1 2 0 1
214 0 2 1 0 1 1 2 1
215 1 0 1 1 2 2 1 0
216 2 1 2 1 0 1 1 1
217 1 1 0 1 0 0 0 2
218 1 1 1 0 0 0 1 1
219 1 3 1 1 2 1 1 1
220 1 1 1 1 0 1 2 2
221 1 0 2 1 1 1 0 1
222 0 1 1 0 1 1 2 1
223 1 1 0 0 1 1 1 1
224 0 0 1 2 1 0 1 1
225 0 1 1 0 1 1 1 1
226 1 0 0 2 1 0 1 1
227 1 1 1 0 1 0 1 1
228 1 0 0 0 0 1 1 2
229 1 1 1 1 1 0 1 1
230 0 3 1 1 1 2 1 2
231 1 1 1 2 1 1 1 0
232 0 2 1 1 0 1 1 1
233 1 2 1 0 0 1 1 1
234 0 0 0 0 0 1 0 0
235 1 1 1 0 2 1 3 3
236 0 0 1 1 0 2 0 1
237 3 1 1 1 1 0 0 0
238 0 0 1 1 2 0 1 2
239 0 1 0 1 2 2 1 1
240 1 0 2 1 1 0 1 0
241 0 1 1 1 2 1 2 1
242 1 1 0 0 0 0 1 1
243 0 1 1 0 1 1 0 1
244 2 0 0 2 0 0 1 1
245 1 2 1 1 0 1 0 1
246 1 0 1 0 1 1 1 1
247 2 1 1 0 0 2 1 1
248 0 0 1 0 1 0 0 0
249 2 1 0 1 1 2 1 1
250 1 2 1 2 0 2 1 0
251 1 0 0 0 0 1 0 0
252 0 0 1 1 1 2 0 0
253 1 2 3 0 1 3 2 1
254 1 1 1 3 1 1 1 1
255 1 0 1 1 1 1 1 0
256 1 1 1 1 0 2 0 0
257 1 2 0 1 1 3 1 2
258 1 1 1 0 0 1 0 1
259 2 2 0 1 1 0 0 1
260 0 0 0 2 0 2 2 3
261 1 1 0 0 0 1 0 1
262 1 1 0 2 2 0 0 0
263 0 1 1 0 2 0 2 2
264 1 2 1 0 0 1 1 2
265 1 0 0 1 1 2 0 2
266 0 1 2 0 0 2 0 1
267 0 1 1 0 0 2 2 0
268 1 0 1 2 2 0 1 0
269 1 1 0 0 1 2 0 1
270 0 1 0 0 2 1 0 1
271 0 0 3 0 1 0 3 2
272 1 0 0 2 0 1 0 0
273 3 0 1 1 1 0 1 1
274 1 0 0 1 0 2 1 0
275 0 1 2 2 1 2 1 1
276 0 1 1 1 2 0 0 1
277 2 1 1 1 0 1 1 1
278 0 1 0 0 1 3 0 0
279 0 1 1 0 2 1 1 1
T2
0 1 1 0 1 2 1 3 0
1 2 1 1 2 1 0 3 1
2 2 1 1 1 2 1 2 0
3 1 1 1 0 2 1 1 0
4 1 0 1 2 0 2 1 1
5 1 2 1 1 0 1 1 1
6 1 1 1 1 0 0 1 1
7 1 0 0 1 1 1 0 1
8 0 1 0 0 1 0 0 0
9 1 3 3 1 1 0 1 0
10 0 1 1 2 1 0 1 1
11 0 1 2 0 0 1 2 1
12 1 1 0 1 1 2 2 1
13 1 1 1 0 0 1 2 1
14 1 0 0 1 1 1 1 1
15 0 0 0 0 0 1 0 2
16 1 1 0 2 1 2 1 2
17 0 0 1 1 1 1 2 1
18 1 0 1 0 1 0 2 0
19 0 2 2 1 0 2 1 1
20 1 1 0 1 1 1 0 0
21 1 1 1 1 0 2 2 0
22 1 1 0 1 1 0 2 1
23 0 2 0 1 2 1 2 3
24 1 2 0 1 0 1 0 1
25 1 1 2 1 0 1 1 2
26 1 0 0 2 2 1 0 0
27 3 1 0 1 1 2 0 3
28 2 1 1 2 1 0 0 0
29 1 0 0 1 1 0 1 0
30 1 1 1 0 1 1 2 2
31 1 0 2 1 0 1 1 0
32 1 0 1 1 1 2 1 0
33 1 1 0 1 1 2 1 1
34 0 0 0 2 0 0 1 0
35 2 1 1 0 0 1 0 1
36 1 0 0 1 1 0 2 0
37 1 1 0 0 1 2 0 1
38 1 1 2 0 1 2 1 0
39 1 1 2 0 0 1 0 1
40 1 0 2 1 0 1 0 1
41 1 0 1 1 0 2 1 1
42 1 2 0 1 2 0 0 0
43 0 0 1 0 0 0 0 0
44 0 1 3 3 2 0 0 1
45 1 2 2 1 0 1 2 3
46 1 2 1 2 1 1 1 1
47 1 1 0 0 0 1 2 0
48 1 1 1 0 1 2 1 0
49 1 1 1 1 0 1 1 0
50 1 0 0 1 0 2 0 1
51 1 2 0 1 2 0 1 2
52 2 1 0 0 0 2 0 1
53 3 2 2 2 2 1 0 2
54 1 1 2 1 2 2 3 1
55 0 0 1 1 1 1 1 0
56 1 1 0 0 0 0 0 1
57 2 0 1 1 1 2 1 0
58 1 1 2 1 0 2 1 1
59 1 0 1 1 3 2 1 0
60 0 2 2 0 1 1 1 0
61 0 1 1 2 1 1 1 1
62 0 0 2 1 0 1 1 1
63 0 0 0 1 1 0 1 2
64 1 1 1 1 0 1 1 2
65 1 0 0 0 2 1 0 0
66 0 0 0 1 0 1 0 1
67 1 2 2 1 1 1 0 0
68 0 0 1 0 2 0 1 1
69 3 2 0 0 1 2 0 2
70 2 2 0 0 0 0 0 1
71 0 1 0 1 1 1 0 1
72 0 0 0 1 0 1 0 1
73 1 1 1 0 2 2 2 0
74 0 1 1 1 1 1 1 1
75 1 1 1 1 1 0 0 1
76 2 0 1 4 1 1 0 2
77 0 1 1 1 3 1 1 1
78 1 0 0 1 2 0 1 0
79 1 1 1 2 0 0 1 1
80 3 1 2 0 1 0 1 2
81 0 0 2 0 1 2 1 1
82 2 1 1 1 1 2 0 1
83 1 1 1 0 0 2 2 0
84 0 1 0 4 1 0 0 0
85 0 2 0 1 0 1 1 2
86 1 0 0 1 0 1 0 0
87 2 1 2 0 2 1 0 2
88 2 1 1 0 2 1 0 0
89 2 1 1 1 0 0 1 1
90 0 1 2 1 0 1 2 0
91 1 0 1 0 1 2 1 2
92 1 0 0 1 2 0 0 0
93 2 1 0 1 2 1 0 1
94 1 1 2 0 1 1 2 0
95 1 2 1 0 0 2 2 0
96 1 1 2 0 2 3 2 1
97 2 2 1 0 1 0 0 0
98 1 1 1 1 0 1 1 2
99 0 1 0 0 1 0 2 0
100 1 0 3 2 2 0 2 1
101 0 0 1 1 2 1 1 1
102 2 1 2 0 2 0 0 1
103 2 1 2 1 2 0 1 1
104 1 0 0 3 2 0 1 0
105 1 0 1 1 0 0 1 1
106 1 0 0 1 0 2 1 1
107 1 0 1 1 0 0 1 0
108 1 1 1 1 0 2 0 1
109 0 0 1 1 1 1 0 1
110 1 2 2 0 0 1 1 1
111 0 2 0 1 1 0 0 2
112 2 1 0 0 1 1 1 2
113 0 1 2 0 0 2 1 1
114 2 1 1 0 1 1 3 3
115 0 3 1 1 0 0 1 1
116 1 1 0 2 0 1 2 1
117 0 1 0 0 1 2 0 1
118 1 1 1 1 1 0 0 1
119 1 1 1 0 0 1 3 0
120 1 1 1 0 0 0 1 1
121 3 0 0 1 1 0 1 2
122 1 1 1 1 0 1 2 0
123 2 1 2 0 1 0 1 1
124 0 2 0 0 2 1 0 1
125 0 1 1 1 2 1 3 2
126 1 1 2 1 1 0 2 1
127 2 1 0 1 1 1 1 2
128 1 0 0 1 3 1 1 2
129 0 2 0 0 1 1 1 2
130 0 2 1 1 1 1 1 1
131 1 2 1 1 3 1 0 0
132 1 1 0 0 2 1 2 1
133 0 0 1 0 1 0 2 0
134 1 0 1 1 0 1 0 0
135 0 1 2 1 1 1 0 1
136 1 1 2 1 0 0 0 1
137 0 2 1 1 1 0 3 0
138 1 1 1 0 1 0 1 1
139 0 0 2 1 0 1 1 1
140 2 2 1 0 1 2 1 0
141 2 1 2 0 0 1 1 0
142 0 1 0 0 0 2 2 1
143 1 0 2 1 0 1 1 1
144 0 1 1 1 1 2 1 2
145 1 1 0 1 1 0 0 0
146 0 1 2 1 2 1 0 2
147 0 1 0 1 0 3 1 1
148 2 2 0 0 1 0 1 3
149 3 0 2 0 0 0 2 2
150 1 2 1 1 0 2 3 0
151 0 1 0 1 1 1 0 0
152 1 2 1 1 0 1 1 0
153 3 1 1 1 1 1 2 2
154 1 3 2 1 1 2 2 0
155 1 2 2 0 1 0 0 0
156 1 1 0 1 0 1 1 1
157 1 1 3 1 1 0 2 0
158 0 1 1 2 2 0 2 0
159 3 2 0 2 1 0 0 0
160 0 0 1 1 1 1 0 2
161 0 1 2 1 1 1 1 1
162 0 1 0 1 2 1 2 1
163 1 1 1 1 1 1 0 2
164 0 3 0 0 1 1 2 1
165 1 2 2 0 1 2 0 2
166 0 0 0 0 2 0 1 0
167 3 0 0 0 1 1 3 0
168 1 0 0 1 1 2 1 1
169 1 1 2 1 1 0 1 2
170 1 1 0 1 1 1 0 1
171 1 0 1 0 1 0 2 2
172 2 3 1 3 1 2 1 0
173 1 0 2 0 0 0 1 0
174 1 2 1 2 2 1 1 2
175 2 1 1 1 1 2 1 0
176 2 1 1 0 1 1 1 1
177 2 1 1 1 1 1 0 0
178 0 1 0 1 2 2 1 1
179 1 1 2 1 0 1 1 2
180 1 1 0 1 1 0 1 1
181 1 2 2 0 1 1 0 1
182 1 1 0 1 1 1 1 1
183 1 0 2 0 1 1 3 1
184 0 1 1 0 1 0 1 1
185 2 0 1 0 0 0 1 0
186 0 1 0 1 0 2 1 0
187 1 2 2 0 1 1 2 2
188 0 1 1 1 1 1 3 1
189 1 0 1 2 0 1 1 1
190 0 1 1 0 1 0 1 2
191 2 1 0 0 0 2 1 1
192 0 0 1 2 1 1 0 1
193 2 1 0 1 1 1 0 1
194 1 0 0 1 1 1 0 0
195 1 1 2 0 0 1 1 1
196 0 2 0 1 0 2 1 1
197 1 1 2 1 1 0 2 2
198 1 2 0 2 1 1 0 1
199 0 1 0 1 1 2 1 0
200 1 1 0 1 1 0 0 0
201 1 1 1 1 1 0 0 0
202 0 0 1 0 0 1 1 1
203 1 1 1 0 0 0 1 1
204 1 2 1 1 1 1 2 0
205 0 0 1 0 1 0 1 2
206 1 1 2 1 3 2 0 1
207 1 0 2 0 1 1 1 2
208 0 0 2 2 0 0 0 0
209 0 1 2 0 1 0 1 1
210 1 1 1 1 2 2 0 1
211 1 0 0 1 1 1 1 1
212 1 1 1 0 1 1 1 1
213 1 0 0 0 2 1 0 1
214 0 1 1 0 1 1 1 1
215 0 0 2 3 1 0 1 0
216 1 1 0 0 0 1 0 0
217 0 1 0 0 0 1 0 1
218 0 0 0 0 1 1 1 2
219 1 2 0 1 0 1 1 1
220 0 1 1 0 0 1 0 1
221 0 1 2 1 1 0 2 1
222 1 2 0 1 1 1 1 0
223 2 0 0 0 1 1 0 0
224 2 1 2 1 0 2 1 0
225 1 1 1 0 1 0 1 0
226 0 1 1 0 1 0 1 1
227 1 1 1 1 2 1 2 1
228 2 0 1 2 2 1 3 0
229 1 1 1 0 1 2 0 1
230 1 0 0 1 0 2 1 0
231 2 1 0 2 0 1 1 0
232 1 0 0 2 1 2 1 1
233 1 1 0 0 1 3 0 1
234 1 2 1 0 0 1 0 1
235 2 0 2 0 1 1 1 1
236 1 1 1 2 3 2 2 1
237 1 0 2 0 1 0 0 1
238 1 0 2 0 0 1 2 0
239 1 1 1 0 0 2 0 1
240 1 2 1 1 1 1 1 2
241 1 1 2 1 2 1 0 0
242 0 0 2 2 1 3 1 1
243 0 2 2 3 1 1 1 0
244 0 0 1 1 0 0 0 0
245 1 1 1 0 1 0 0 1
246 1 0 0 0 0 1 0 1
247 1 1 0 0 0 0 0 4
248 0 0 1 2 1 1 0 2
249 0 1 0 1 1 0 0 1
250 0 2 1 0 1 1 1 0
251 1 0 2 2 1 0 1 0
252 1 1 3 1 1 2 0 0
253 0 1 2 2 1 2 2 1
254 1 1 0 0 0 0 1 0
255 0 0 0 1 1 1 1 1
256 1 1 1 2 1 0 1 1
257 1 1 1 0 1 2 1 0
258 1 0 1 1 2 2 1 0
259 2 1 1 1 0 0 2 1
260 0 1 1 0 1 1 1 2
261 1 1 0 1 1 0 1 1
262 2 1 1 2 0 1 0 0
263 0 0 0 2 3 1 1 1
264 1 0 0 1 1 2 0 1
265 1 1 1 2 1 1 1 4
266 0 0 2 2 1 2 2 1
267 2 1 1 1 0 1 1 1
268 1 1 1 1 1 1 1 0
269 0 1 1 1 1 1 3 1
270 1 1 1 0 1 0 1 1
271 1 2 1 1 0 1 0 2
272 1 2 3 1 1 0 1 2
273 1 1 2 1 1 0 1 2
274 3 2 0 1 0 1 2 1
275 1 0 1 1 0 1 0 3
276 0 1 0 1 1 0 2 2
277 0 1 0 1 2 1 1 0
278 0 0 1 2 1 0 0 1
279 1 0 0 0 1 0 1 1
T3
0 1 0 1 1 0 1 2 1
1 1 0 1 1 3 1 2 2
2 1 0 0 1 0 1 0 0
3 0 1 1 2 1 2 2 1
4 1 1 1 1 0 2 1 0
5 0 1 0 1 1 1 2 1
6 0 1 0 1 0 1 1 1
7 1 1 1 2 4 1 1 0
8 0 1 1 1 0 0 0 0
9 2 1 2 2 0 1 2 2
10 0 0 1 0 0 1 1 3
11 0 0 0 0 1 0 1 1
12 1 3 2 1 2 2 1 3
13 1 1 0 2 0 1 0 1
14 2 1 1 1 1 2 1 0
15 0 0 2 1 2 1 1 0
16 0 1 0 1 1 2 1 0
17 0 0 2 1 0 1 2 3
18 0 1 0 1 0 1 0 0
19 0 0 2 1 1 1 1 2
20 1 1 1 1 1 1 2 1
21 1 2 0 2 1 1 2 0
22 0 0 0 0 1 1 0 0
23 1 1 0 0 0 1 0 0
24 1 0 1 1 1 2 0 1
25 0 0 1 2 1 0 0 2
26 0 1 0 1 1 1 0 2
27 0 0 1 2 0 1 1 1
28 2 1 1 0 1 1 1 2
29 1 1 1 0 0 1 1 1
30 1 0 1 0 1 1 2 0
31 1 0 1 0 3 2 1 1
32 1 1 1 2 0 1 0 1
33 2 0 1 0 3 1 0 0
34 3 2 2 0 1 1 2 1
35 0 0 0 1 0 0 1 0
36 1 1 1 1 0 1 1 2
37 0 2 2 1 1 1 0 0
38 1 2 2 1 1 0 1 1
39 0 2 0 2 2 1 0 1
40 1 0 1 1 0 0 0 1
41 1 1 1 1 0 0 0 2
42 1 1 1 1 3 1 1 2
43 1 1 0 0 1 1 0 2
44 1 0 0 2 0 1 1 1
45 1 1 2 0 1 1 1 0
46 1 1 0 2 2 1 1 1
47 0 0 1 1 0 1 0 0
48 0 1 0 0 1 0 1 0
49 2 1 1 1 2 2 0 1
50 1 1 1 2 1 2 1 1
51 1 2 1 0 1 2 1 0
52 2 3 1 0 0 1 1 1
53 2 2 0 1 2 0 0 1
54 1 1 0 1 2 1 0 1
55 1 0 1 0 1 1 0 0
56 1 0 1 1 2 1 0 0
57 1 1 1 0 1 0 0 0
58 1 1 1 0 1 1 0 2
59 0 1 2 1 1 0 0 3
60 1 1 1 2 1 2 1 1
61 1 0 0 1 1 0 3 0
62 0 1 1 2 1 1 1 0
63 0 1 0 1 2 0 1 2
64 1 0 1 1 2 1 1 1
65 1 1 1 2 0 1 1 0
66 2 0 1 1 0 1 2 1
67 0 0 0 1 1 0 3 1
68 3 1 1 0 1 1 0 0
69 0 0 0 1 1 1 1 1
70 1 1 2 1 1 0 1 0
71 1 0 2 3 2 0 1 1
72 1 1 1 0 0 0 1 2
73 2 1 0 1 0 0 1 1
74 1 3 1 0 2 0 1 1
75 0 1 0 0 0 1 1 1
76 0 3 1 0 1 0 0 3
77 1 2 0 0 1 1 1 1
78 0 2 0 0 1 0 1 2
79 1 0 1 1 0 1 1 1
80 1 1 0 1 0 2 0 0
81 0 0 2 1 3 1 1 0
82 1 0 1 1 0 1 1 2
83 3 1 0 0 1 0 1 2
84 1 3 0 2 1 1 1 0
85 0 1 2 3 2 0 0 1
86 0 1 0 1 0 1 0 2
87 0 1 1 1 1 1 1 1
88 1 2 1 3 1 0 1 0
89 2 1 0 0 2 0 1 1
90 2 1 1 0 0 1 1 1
91 2 0 0 0 0 2 1 1
92 1 1 1 1 0 0 2 2
93 1 0 0 0 1 1 2 0
94 1 1 2 1 1 0 1 0
95 0 2 1 1 1 3 0 1
96 0 0 0 1 1 1 1 2
97 0 0 0 1 0 1 0 1
98 1 1 1 0 2 1 1 0
99 1 2 0 2 2 0 0 1
100 1 2 2 0 0 0 1 0
101 1 2 2 1 0 1 1 1
102 1 1 0 0 0 0 1 1
103 0 0 1 0 1 0 0 1
104 1 0 2 1 1 0 1 1
105 1 0 2 1 1 2 0 2
106 0 1 1 2 1 0 1 1
107 0 1 1 2 1 0 0 1
108 1 0 0 1 0 2 2 0
109 3 2 1 0 1 2 1 1
110 1 0 2 1 0 1 1 1
111 0 1 1 1 1 2 1 1
112 2 1 0 1 0 1 0 0
113 3 0 2 2 1 1 0 2
114 2 1 2 0 1 1 1 0
115 0 1 1 1 1 0 2 1
116 0 0 1 1 0 1 2 1
117 0 0 0 2 2 1 0 1
118 0 1 1 1 1 0 1 1
119 0 3 1 1 0 0 2 0
120 0 1 2 1 1 1 1 0
121 2 3 0 0 3 1 2 0
122 1 3 0 2 0 0 1 1
123 3 1 2 0 1 1 1 0
124 0 0 1 1 1 1 1 2
125 0 2 0 1 1 1 1 2
126 0 0 1 0 1 0 2 0
127 1 1 2 0 1 1 0 0
128 2 1 0 1 1 0 0 2
129 2 1 0 1 0 0 1 1
130 1 1 3 1 0 1 0 2
131 2 0 0 1 1 1 1 1
132 0 1 0 1 0 1 2 1
133 0 1 2 1 0 0 1 0
134 1 1 2 0 0 0 0 2
135 1 1 1 0 0 0 0 2
136 1 1 1 0 1 1 1 1
137 1 3 0 0 2 0 2 2
138 1 0 1 1 0 1 0 0
139 0 2 0 1 1 1 1 1
140 2 2 0 2 1 1 1 0
141 1 1 1 2 1 1 0 1
142 0 0 0 1 2 2 2 1
143 1 0 0 0 1 0 0 1
144 1 1 0 0 0 0 1 0
145 0 0 1 1 1 2 0 1
146 0 0 1 1 1 3 0 1
147 1 1 0 0 0 0 0 1
148 1 0 0 1 2 1 0 1
149 1 2 0 1 0 2 0 2
150 0 2 1 0 2 1 1 2
151 1 1 0 0 1 2 1 1
152 0 2 1 0 1 1 0 1
153 0 0 1 3 1 2 0 1
154 1 2 0 1 1 1 0 0
155 0 1 1 1 0 0 1 1
156 1 2 3 1 0 1 2 1
157 1 1 3 1 0 1 1 1
158 1 1 0 0 0 0 1 0
159 1 1 1 1 1 1 1 0
160 0 1 0 0 1 1 0 1
161 1 0 0 0 0 1 1 1
162 0 2 1 2 0 3 0 2
163 1 1 1 2 0 2 0 0
164 2 1 0 0 1 0 1 1
165 1 1 1 2 1 0 1 1
166 0 1 1 3 0 1 1 1
167 0 0 0 1 1 0 1 1
168 0 2 1 0 1 2 1 0
169 1 2 0 1 0 1 0 1
170 1 1 1 1 3 1 0 2
171 0 1 1 0 1 1 0 1
172 1 1 0 1 2 1 0 1
173 1 0 2 1 0 1 1 1
174 2 1 0 0 0 1 1 0
175 2 1 0 1 1 1 2 0
176 1 1 1 1 1 0 1 1
177 0 1 0 0 0 1 0 3
178 1 0 1 1 1 0 1 2
179 1 1 1 1 1 0 2 0
180 1 1 1 1 0 1 3 0
181 1 1 1 0 2 2 2 2
182 0 1 2 1 1 0 1 1
183 0 1 1 0 2 1 2 0
184 1 0 1 3 0 1 2 2
185 1 1 0 3 0 1 1 3
186 2 1 1 1 0 0 1 0
187 1 1 1 1 1 1 0 1
188 2 2 1 0 0 1 1 0
189 1 0 0 2 1 0 1 0
190 1 0 2 0 2 0 1 0
191 1 1 2 1 1 1 1 1
192 1 2 2 0 1 1 2 1
193 2 1 2 2 0 3 2 1
194 2 1 0 1 0 3 0 0
195 2 0 2 1 0 2 2 0
196 0 1 0 1 0 1 1 1
197 0 1 1 1 1 0 1 1
198 1 2 0 1 2 1 0 1
199 0 0 1 0 0 1 1 0
200 1 1 0 1 0 1 0 3
201 1 1 1 1 0 1 2 3
202 0 1 2 1 1 0 2 1
203 0 0 1 0 1 0 1 0
204 1 2 1 0 0 1 1 1
205 1 2 0 0 2 1 1 1
206 0 0 1 1 1 1 0 0
207 1 2 1 1 1 0 2 0
208 1 1 2 0 1 1 0 2
209 0 1 1 1 1 0 0 1
210 1 2 1 0 0 2 1 1
211 0 4 0 2 2 1 1 1
212 1 0 1 1 1 0 1 2
213 0 2 0 0 1 1 0 2
214 1 1 1 2 2 1 0 1
215 0 1 0 0 1 1 1 1
216 3 1 2 0 1 1 1 1
217 0 0 1 1 1 0 2 2
218 2 3 1 1 3 0 1 2
219 1 1 1 2 1 0 1 1
220 2 2 1 0 0 1 1 0
221 1 0 2 2 1 1 0 1
222 1 0 2 1 1 1 1 1
223 0 1 1 1 1 0 1 0
224 2 0 1 1 1 0 0 2
225 1 2 0 1 0 0 1 2
226 2 0 0 0 1 0 1 0
227 0 1 0 1 1 1 2 1
228 2 1 0 0 1 1 1 1
229 2 1 2 1 1 0 1 2
230 1 1 1 0 0 0 0 0
231 1 0 1 2 1 2 0 2
232 0 2 2 1 1 1 1 0
233 0 2 1 2 0 2 0 1
234 1 0 1 0 1 1 3 0
235 1 0 1 2 0 0 1 0
236 2 1 0 1 0 2 1 0
237 1 1 1 2 0 0 0 0
238 1 0 2 0 0 0 1 1
239 1 1 2 1 3 1 1 1
240 0 0 1 1 0 0 1 1
241 1 1 1 1 1 1 1 1
242 0 0 0 0 1 1 1 1
243 1 2 1 2 1 0 1 0
244 0 1 1 0 0 1 2 1
245 1 0 1 2 1 0 0 0
246 1 0 3 0 1 0 2 0
247 3 1 0 3 1 1 0 1
248 1 0 1 0 1 1 2 1
249 1 2 2 1 1 0 2 0
250 1 1 2 0 2 0 3 0
251 1 1 1 1 1 1 2 1
252 0 0 1 0 0 1 2 1
253 0 0 1 1 1 1 2 1
254 0 1 1 1 0 1 1 1
255 2 2 1 1 0 1 2 1
256 1 1 0 1 0 1 0 1
257 1 0 1 0 1 1 0 0
258 0 0 2 1 2 0 2 1
259 0 1 2 1 1 0 1 2
260 1 1 0 2 0 0 1 0
261 2 1 0 0 1 2 2 0
262 2 0 1 2 2 1 1 1
263 1 1 1 1 1 1 0 1
264 1 2 1 2 1 1 0 1
265 0 1 0 0 1 0 0 1
266 1 1 0 1 1 1 0 0
267 1 1 1 2 1 1 0 0
268 0 2 1 1 0 0 1 0
269 1 0 1 0 1 3 0 1
270 2 2 1 0 0 1 0 0
271 1 0 1 0 0 0 1 1
272 1 1 1 0 1 0 1 0
273 1 2 0 1 1 1 0 1
274 1 1 0 0 1 1 1 2
275 1 0 1 1 0 2 1 2
276 1 0 0 1 1 1 0 2
277 0 0 0 2 2 0 2 1
278 1 0 1 0 1 0 0 1
279 1 0 1 0 0 1 1 3
T4
0 0 1 0 1 0 0 0 1
1 1 1 2 0 1 0 0 0
2 1 0 1 0 1 1 1 0
3 1 0 2 2 2 2 1 1
4 2 2 1 1 1 1 1 1
5 1 0 0 1 1 1 1 0
6 0 0 1 0 2 0 0 0
7 1 1 1 0 0 0 2 1
8 0 2 2 2 3 0 1 0
9 0 0 2 1 1 1 1 0
10 3 0 2 3 1 2 1 1
11 1 2 2 1 2 1 1 1
12 0 1 0 1 0 0 2 0
13 0 0 1 2 1 2 0 1
14 1 1 2 0 2 1 1 1
15 1 0 0 1 1 0 2 1
16 0 3 1 0 0 1 2 1
17 2 1 1 0 1 0 0 1
18 1 2 1 1 1 0 0 0
19 0 1 0 0 1 1 0 0
20 0 2 0 0 1 1 3 0
21 2 0 0 0 1 0 0 1
22 0 1 0 0 2 0 0 1
23 0 1 0 1 0 0 1 1
24 1 2 0 0 1 0 0 2
25 1 0 0 0 0 1 0 1
26 0 0 1 1 1 1 1 3
27 2 1 1 1 0 0 1 1
28 1 0 1 1 0 1 1 1
29 2 2 1 0 1 1 0 0
30 0 0 2 2 1 1 1 1
31 0 0 4 1 0 1 1 1
32 0 2 1 0 3 1 1 1
33 1 1 0 0 1 1 2 0
34 1 0 0 1 3 0 0 2
35 1 0 0 2 1 0 1 0
36 0 1 0 1 0 1 1 2
37 2 1 1 0 2 2 0 1
38 0 2 1 2 1 0 0 2
39 2 0 1 2 0 0 1 2
40 0 1 1 1 1 1 0 1
41 1 0 1 2 1 1 0 1
42 1 0 0 2 0 1 1 1
43 0 2 0 1 0 0 1 0
44 0 0 2 1 1 1 1 1
45 0 0 0 4 1 0 0 1
46 1 0 1 1 1 0 2 1
47 1 0 1 2 1 1 0 0
48 2 1 1 2 2 0 1 1
49 1 1 0 1 2 1 1 0
50 1 0 0 1 3 1 1 0
51 2 1 0 2 2 2 1 0
52 1 1 2 1 2 2 1 0
53 0 1 0 0 1 2 1 1
54 0 0 1 0 0 1 1 2
55 2 1 3 2 0 0 0 3
56 1 1 3 1 1 1 1 0
57 1 3 1 0 2 1 1 1
58 1 2 0 1 1 1 1 2
59 1 1 1 0 1 0 1 1
60 1 1 1 1 1 0 2 0
61 0 2 1 0 1 1 1 1
62 1 1 0 3 1 0 0 3
63 1 0 2 1 1 1 1 2
64 1 1 1 0 1 1 1 1
65 0 1 2 2 2 1 0 1
66 0 1 1 1 0 0 0 1
67 0 1 1 0 2 1 1 1
68 0 1 0 0 1 1 0 0
69 2 2 1 0 1 2 2 0
70 1 1 0 0 2 1 1 0
71 1 1 1 1 1 1 0 2
72 1 1 1 1 1 1 1 1
73 1 0 1 2 0 0 1 1
74 0 0 1 1 1 1 2 0
75 0 1 0 1 1 0 1 1
76 1 1 1 2 2 1 0 0
77 3 1 0 0 1 1 0 0
78 0 1 0 2 0 1 2 2
79 2 0 1 1 0 1 1 1
80 0 2 2 0 1 1 2 1
81 0 2 1 1 1 1 0 1
82 2 1 2 1 1 0 1 1
83 1 2 1 1 2 2 0 0
84 1 2 1 1 1 0 0 1
85 0 1 0 0 1 1 1 1
86 0 1 1 0 3 1 1 1
87 1 0 1 1 2 0 1 1
88 0 2 0 2 1 0 1 1
89 1 1 1 0 0 0 1 0
90 1 2 1 2 1 0 0 2
91 1 2 0 1 0 0 1 0
92 1 2 2 1 0 1 1 2
93 1 0 0 0 1 0 0 1
94 2 1 1 1 1 1 0 1
95 3 1 1 1 3 2 1 0
96 1 0 1 2 0 2 0 1
97 2 0 1 1 1 2 0 2
98 0 1 0 0 0 0 2 0
99 0 1 0 1 2 0 1 0
100 1 1 1 0 0 0 0 0
101 1 2 0 0 1 1 0 1
102 1 1 1 1 1 2 2 0
103 1 1 0 1 3 1 0 1
104 0 0 1 1 1 1 1 1
105 4 0 0 1 2 1 2 1
106 0 1 1 4 0 1 1 1
107 0 0 0 0 0 0 1 2
108 1 1 2 1 2 1 0 1
109 0 1 0 2 1 1 1 1
110 1 1 0 0 2 1 1 0
111 1 1 1 1 0 1 1 1
112 1 1 2 2 0 1 1 1
113 1 0 1 1 0 1 1 0
114 0 2 1 1 1 1 1 1
115 0 1 1 1 1 2 0 1
116 2 0 1 0 0 0 2 1
117 1 0 0 0 0 0 1 1
118 0 0 0 1 1 0 2 0
119 2 0 0 1 1 1 1 0
120 1 2 1 1 1 1 1 1
121 1 0 1 2 1 1 1 0
122 2 2 2 1 1 0 0 1
123 0 0 1 0 3 1 1 2
124 1 2 0 1 0 1 1 0
125 1 1 1 1 0 0 2 0
126 1 2 0 0 1 0 0 1
127 0 1 1 1 0 1 1 2
128 2 1 2 0 0 1 1 2
129 1 0 0 3 3 0 0 0
130 1 0 1 2 0 1 1 1
131 0 3 0 1 0 1 1 1
132 0 2 1 0 0 1 1 2
133 1 1 0 1 1 1 1 3
134 0 1 0 1 1 1 1 0
135 1 3 2 2 0 0 0 1
136 0 1 2 0 1 0 2 1
137 2 2 1 1 1 0 1 2
138 0 0 2 1 3 0 1 1
139 1 0 1 0 1 0 1 1
140 1 2 1 0 0 0 0 1
141 1 0 1 0 3 1 0 1
142 2 0 1 2 1 1 0 0
143 0 1 0 0 1 1 0 0
144 2 0 0 0 1 1 0 1
145 1 0 1 1 1 1 1 0
146 1 0 1 0 1 1 0 1
147 1 1 0 0 1 0 2 0
148 1 0 1 1 0 1 1 1
149 0 1 1 0 2 1 2 2
150 0 1 1 2 0 1 1 3
151 0 0 1 1 1 0 1 0
152 0 1 1 1 0 0 1 1
153 1 0 1 1 1 0 1 0
154 1 0 1 2 2 1 0 1
155 1 0 0 0 0 0 0 0
156 0 0 1 1 1 3 0 2
157 2 1 0 0 1 0 0 1
158 1 1 1 2 2 1 0 1
159 1 1 1 1 0 0 1 0
160 3 0 0 0 0 1 0 2
161 0 1 1 1 1 0 1 0
162 0 0 1 2 0 1 1 1
163 0 1 0 1 0 1 1 2
164 1 1 0 1 2 2 1 0
165 1 0 1 1 0 0 1 1
166 1 1 1 1 0 2 1 0
167 2 0 2 1 2 1 0 1
168 1 1 1 0 0 2 1 2
169 1 0 2 0 1 2 2 0
170 2 0 1 0 0 1 1 2
171 2 1 0 0 1 0 1 1
172 0 1 0 1 2 1 1 1
173 0 0 1 0 0 2 1 0
174 1 1 0 0 1 0 1 3
175 2 1 1 1 1 1 1 1
176 1 0 0 0 1 1 1 2
177 0 0 1 2 1 1 3 2
178 2 1 0 1 1 0 0 1
179 1 0 1 1 1 0 0 1
180 1 1 1 1 1 1 1 0
181 0 0 2 0 2 0 0 0
182 2 3 1 0 0 1 1 1
183 2 0 1 0 1 1 2 0
184 0 0 1 1 0 1 2 1
185 1 1 0 2 0 1 2 1
186 1 0 0 0 1 2 1 0
187 1 1 0 2 1 0 1 1
188 2 0 1 0 2 0 0 0
189 0 1 0 0 2 0 0 1
190 0 2 2 0 2 2 2 1
191 1 0 0 1 0 2 1 0
192 1 1 3 1 1 1 1 1
193 0 0 0 1 1 1 0 1
194 1 0 2 1 2 1 4 1
195 1 0 1 0 2 1 0 0
196 1 0 1 2 0 0 1 1
197 1 1 1 2 1 0 0 0
198 1 1 2 1 1 0 0 1
199 0 0 0 1 1 1 1 1
200 1 2 0 2 0 1 1 2
201 1 1 1 0 0 0 1 0
202 0 1 1 0 2 1 3 1
203 2 0 1 1 1 1 0 1
204 1 1 2 1 0 0 1 1
205 2 1 2 0 0 0 1 0
206 0 0 0 1 1 2 0 1
207 0 0 1 1 1 1 0 1
208 1 2 0 1 1 1 3 1
209 0 0 1 1 1 1 0 1
210 2 2 0 1 0 1 1 2
211 1 1 2 1 0 1 1 1
212 1 0 0 0 2 2 1 1
213 0 1 1 0 2 1 0 0
214 1 1 0 0 2 0 1 0
215 1 0 1 0 1 1 0 1
216 2 0 0 0 0 0 1 1
217 2 1 0 1 1 0 1 2
218 1 0 1 1 1 1 1 0
219 0 3 0 0 0 0 0 0
220 1 1 2 1 1 2 0 2
221 2 1 1 0 1 0 2 1
222 0 1 0 1 0 0 1 1
223 0 1 1 3 0 1 1 1
224 2 2 0 1 1 1 0 0
225 1 0 0 0 0 1 2 0
226 2 1 0 0 2 1 0 0
227 1 0 1 2 0 1 1 2
228 1 1 1 0 0 0 0 2
229 1 2 1 2 1 0 1 1
230 1 1 2 0 1 1 1 2
231 1 2 1 1 0 1 0 2
232 0 0 1 0 1 0 2 1
233 1 2 2 1 0 0 1 0
234 1 0 2 1 2 1 2 0
235 0 0 1 3 0 1 0 1
236 2 1 1 2 2 1 0 0
237 1 2 1 1 2 1 1 1
238 1 0 2 1 0 1 1 2
239 2 2 1 0 0 1 1 0
240 1 0 1 1 1 0 1 1
241 0 1 1 1 0 3 1 0
242 1 1 3 1 0 1 1 0
243 1 0 0 1 0 2 1 0
244 0 1 1 1 0 1 1 0
245 2 0 0 2 2 1 1 1
246 0 0 1 1 0 0 0 1
247 1 2 1 0 0 1 3 1
248 1 0 2 0 1 1 0 1
249 0 0 1 0 1 1 2 0
250 2 0 1 1 1 1 2 1
251 2 1 0 1 1 3 2 2
252 1 1 1 1 0 1 0 1
253 1 1 2 0 1 0 1 1
254 2 2 2 0 2 1 0 0
255 2 1 1 1 0 2 2 1
256 1 0 3 2 2 1 1 2
257 0 0 0 1 0 0 1 1
258 1 1 1 1 0 0 0 1
259 1 0 0 0 0 1 1 0
260 1 0 0 0 1 1 1 1
261 1 1 0 0 2 1 1 1
262 0 2 1 1 0 0 2 1
263 0 1 1 0 1 1 1 1
264 1 1 1 1 0 1 0 2
265 1 1 1 0 0 0 0 1
266 0 2 0 1 0 1 1 0
267 0 0 1 0 0 1 0 2
268 1 1 0 1 2 1 1 1
269 0 1 2 0 2 0 2 1
270 0 1 1 1 1 1 1 0
271 1 0 1 0 1 0 1 0
272 0 1 1 1 1 1 1 0
273 1 0 0 1 1 1 1 1
274 1 0 1 0 1 0 0 1
275 2 2 3 2 0 1 2 2
276 1 2 0 0 0 1 2 0
277 1 4 0 1 1 2 1 0
278 2 0 2 1 1 1 0 1
279 0 1 2 0 0 0 0 0
T5
0 2 2 0 1 0 0 1 1
1 1 1 0 1 0 1 1 1
2 0 1 1 0 2 1 1 1
3 1 0 2 1 0 1 0 0
4 2 0 1 0 2 2 2 1
5 1 1 1 0 0 0 1 0
6 1 2 1 0 1 1 1 0
7 1 1 0 1 0 0 2 0
8 0 1 2 1 1 1 0 0
9 1 1 1 1 1 1 1 2
10 1 0 1 2 1 0 0 1
11 2 2 1 2 3 2 1 1
12 0 1 2 0 1 1 1 1
13 1 0 2 1 0 1 1 0
14 1 1 0 1 1 0 2 1
15 1 1 2 0 2 0 0 0
16 0 1 1 0 1 1 1 0
17 3 0 1 2 2 0 0 2
18 0 1 3 2 1 2 1 0
19 0 1 2 0 0 1 1 1
20 1 1 1 2 1 2 1 1
21 1 0 1 0 2 1 1 0
22 0 1 1 0 1 2 2 1
23 0 0 1 1 2 1 1 1
24 3 2 0 1 2 0 0 0
25 1 0 0 1 0 0 1 0
26 1 0 0 1 2 1 1 2
27 0 2 1 2 1 1 2 1
28 1 0 0 2 0 1 1 2
29 1 1 1 1 1 1 1 1
30 0 0 2 0 0 0 1 3
31 2 2 1 0 1 1 1 1
32 3 2 0 0 0 0 1 1
33 1 0 2 0 1 1 1 1
34 1 0 1 1 1 2 0 2
35 2 1 0 1 2 1 2 0
36 1 3 0 1 1 2 0 2
37 0 0 0 0 1 1 0 0
38 1 2 0 1 0 2 0 1
39 1 1 0 0 2 0 1 0
40 0 1 0 2 0 1 1 0
41 3 1 1 0 1 1 2 2
42 1 1 1 1 1 1 0 1
43 2 0 1 1 1 1 1 1
44 1 1 1 0 1 0 0 1
45 0 0 1 1 1 1 1 0
46 1 1 1 1 0 0 1 0
47 1 1 0 1 1 1 0 2
48 0 0 1 1 1 0 1 1
49 0 0 1 0 1 1 3 1
50 1 1 1 0 0 0 1 0
51 0 0 1 1 1 1 0 1
52 0 1 1 1 0 0 1 1
53 2 0 1 1 0 0 1 0
54 1 0 1 1 2 1 1 0
55 1 2 1 0 0 0 1 2
56 0 1 1 2 1 0 0 1
57 1 2 2 0 1 1 0 1
58 0 1 1 3 0 0 0 1
59 2 1 1 0 2 0 2 0
60 0 1 0 2 0 2 0 1
61 1 0 0 2 1 0 1 1
62 1 1 1 1 0 2 1 1
63 0 2 1 0 1 0 2 1
64 1 2 0 0 2 2 1 2
65 1 0 0 2 0 3 2 1
66 2 0 1 1 2 1 2 1
67 2 3 0 1 0 2 2 2
68 1 0 0 1 2 1 1 1
69 2 1 0 1 1 0 2 0
70 2 0 0 3 1 0 1 0
71 0 1 1 1 0 1 0 3
72 1 1 1 0 2 1 1 1
73 1 2 0 0 0 0 0 1
74 0 0 1 0 1 0 2 0
75 3 0 1 0 1 0 1 2
76 1 1 2 0 2 0 1 0
77 0 0 0 0 0 1 0 1
78 1 2 2 1 0 1 1 1
79 0 1 1 1 0 0 0 1
80 2 0 0 0 2 2 0 1
81 0 1 0 2 1 1 1 1
82 0 1 0 1 2 1 0 1
83 2 1 1 0 0 1 0 2
84 1 1 1 1 1 1 1 1
85 1 0 2 1 0 4 1 1
86 2 2 1 0 0 0 2 1
87 0 0 2 1 2 1 1 1
88 0 0 0 0 1 1 1 0
89 0 0 1 1 0 0 1 1
90 1 1 0 1 0 1 2 0
91 3 1 1 1 1 0 1 1
92 1 0 1 2 1 1 1 2
93 0 0 0 2 2 0 0 0
94 1 2 2 1 1 1 1 2
95 1 0 2 1 2 1 1 1
96 1 1 0 0 1 1 0 0
97 1 1 1 1 0 2 0 1
98 1 0 0 2 1 1 0 1
99 1 0 2 2 1 1 0 0
100 0 1 0 1 0 1 1 2
101 1 2 2 0 1 1 0 1
102 1 1 0 1 2 0 1 1
103 0 0 2 1 0 0 1 2
104 2 1 0 2 1 0 1 2
105 1 1 0 1 1 2 1 0
106 1 0 1 0 0 0 0 1
107 1 0 1 0 1 1 2 1
108 1 2 0 3 1 1 1 1
109 2 1 0 1 2 1 0 0
110 0 2 0 1 1 2 2 0
111 1 0 2 1 3 1 2 0
112 2 1 1 1 0 0 2 0
113 2 0 2 1 1 0 0 1
114 1 0 1 0 1 2 1 1
115 0 0 1 0 3 2 0 1
116 2 1 1 1 1 1 1 0
117 0 1 0 2 1 0 1 1
118 1 1 1 1 0 1 0 2
119 1 0 1 1 1 3 2 0
120 3 0 0 1 0 1 1 0
121 1 2 0 1 1 2 1 2
122 1 0 0 1 0 1 0 1
123 1 0 1 2 1 0 1 1
124 1 1 1 1 0 1 1 1
125 1 1 1 1 1 0 3 1
126 1 1 2 0 0 0 0 0
127 2 2 0 0 2 0 1 2
128 0 1 1 0 1 0 2 2
129 0 2 1 1 0 0 1 2
130 1 0 1 2 0 0 1 2
131 0 0 2 0 0 1 3 0
132 2 1 2 0 2 0 0 0
133 1 1 1 0 1 0 1 2
134 1 0 0 0 1 0 1 3
135 1 0 0 1 0 0 0 1
136 1 0 2 0 1 1 1 0
137 1 1 1 0 0 0 1 1
138 0 1 2 1 1 1 1 0
139 1 1 1 1 1 1 0 1
140 1 0 0 1 1 2 1 1
141 0 1 0 1 0 0 2 1
142 1 0 0 0 1 0 0 1
143 2 1 0 1 1 1 3 0
144 0 0 1 1 0 1 3 1
145 1 1 0 1 0 1 0 1
146 1 1 1 2 0 1 1 2
147 1 1 1 0 2 0 0 1
148 0 1 1 1 0 2 1 1
149 1 0 2 2 1 0 1 2
150 1 0 1 0 1 2 1 0
151 1 1 1 1 1 0 0 1
152 1 1 1 2 1 2 0 1
153 0 1 2 1 2 1 2 1
154 1 0 1 0 1 2 1 0
155 0 1 1 1 1 0 0 2
156 1 0 3 1 0 1 0 1
157 2 0 0 2 0 1 1 0
158 1 0 0 2 1 2 2 2
159 1 0 1 1 1 1 1 1
160 1 2 1 2 1 0 1 0
161 1 0 0 2 0 1 0 1
162 2 1 2 0 0 1 0 0
163 0 1 1 1 0 1 1 1
164 1 2 0 0 0 0 0 0
165 1 1 1 0 1 0 0 1
166 1 0 2 0 2 0 0 2
167 0 1 0 1 1 1 0 1
168 1 2 1 1 1 1 1 2
169 1 2 1 1 1 1 1 1
170 1 0 0 1 0 0 0 1
171 2 1 0 1 0 1 2 1
172 0 1 0 0 3 0 2 0
173 1 1 0 1 1 3 2 0
174 1 0 1 0 1 0 1 1
175 2 1 1 0 0 2 1 2
176 1 0 1 1 0 0 1 2
177 0 1 0 1 1 3 1 1
178 1 2 1 0 1 0 2 0
179 2 1 2 1 0 0 1 3
180 1 0 0 0 1 0 1 1
181 2 0 1 1 2 1 0 0
182 2 0 2 1 0 1 1 0
183 0 0 0 2 1 1 1 2
184 0 1 1 0 0 1 1 0
185 1 1 0 1 2 0 0 0
186 1 1 2 0 0 1 1 2
187 1 0 1 1 0 1 1 1
188 0 2 1 0 1 0 1 0
189 0 1 1 0 0 1 0 0
190 1 0 1 1 1 1 2 1
191 2 0 0 1 0 1 1 1
192 0 1 1 2 0 2 1 0
193 0 1 1 1 1 0 3 1
194 1 2 1 1 0 0 0 1
195 0 2 1 0 1 0 1 2
196 3 1 0 2 0 0 2 2
197 0 1 0 1 1 2 0 2
198 2 1 1 0 2 0 2 1
199 0 1 0 0 1 1 2 0
200 0 0 0 0 1 1 1 0
201 0 1 0 2 0 1 1 2
202 1 0 2 0 1 2 1 1
203 0 2 0 1 1 1 0 1
204 0 1 2 2 0 0 0 1
205 2 1 1 1 1 0 1 1
206 1 1 0 1 1 0 2 0
207 3 1 1 1 1 2 1 3
208 1 0 1 3 2 1 1 1
209 2 1 1 0 1 1 1 2
210 0 1 1 0 0 2 0 1
211 0 1 0 0 1 1 1 0
212 1 0 0 1 1 1 1 0
213 2 0 1 1 2 1 2 1
214 0 1 0 0 1 1 0 1
215 0 2 1 1 1 0 1 1
216 1 1 0 1 0 0 1 0
217 1 0 2 1 0 1 2 0
218 2 0 1 1 0 1 2 1
219 0 0 2 1 1 1 0 0
220 3 1 1 0 0 1 0 1
221 2 1 1 3 2 2 1 2
222 1 2 1 1 1 0 1 0
223 0 2 0 1 1 1 2 1
224 0 0 0 0 2 1 1 1
225 1 1 1 1 1 0 1 0
226 0 1 1 1 1 1 1 2
227 2 1 0 2 0 2 1 3
228 0 1 2 0 1 0 1 2
229 1 1 0 1 1 3 0 0
230 2 2 2 1 1 0 1 0
231 1 0 1 1 2 3 1 1
232 1 0 2 1 1 1 1 0
233 1 0 3 1 0 1 1 1
234 1 1 0 0 0 2 2 0
235 0 3 1 0 1 0 2 1
236 0 0 1 0 1 0 0 0
237 0 0 2 1 1 2 1 2
238 0 1 1 1 2 0 0 1
239 0 0 0 2 0 0 1 1
240 0 2 0 2 0 0 1 0
241 1 1 0 0 1 0 1 2
242 1 1 0 0 0 1 0 1
243 0 1 1 0 1 0 1 1
244 2 1 2 1 1 0 3 2
245 2 2 0 1 1 1 1 1
246 2 0 2 1 1 1 1 0
247 0 1 1 1 1 2 0 0
248 1 1 1 0 1 1 0 2
249 1 2 1 2 1 1 2 1
250 1 1 1 3 0 1 1 0
251 2 1 2 2 0 0 0 0
252 1 2 2 1 0 1 2 1
253 1 1 0 1 0 1 2 1
254 1 1 1 1 1 1 2 1
255 1 1 0 0 0 1 0 0
256 1 1 0 1 0 0 1 2
257 2 1 0 0 1 1 1 1
258 0 3 1 1 2 2 1 1
259 0 1 1 0 1 2 0 1
260 0 1 2 1 0 2 1 1
261 0 0 0 1 1 1 1 2
262 3 0 2 1 0 2 0 0
263 2 0 1 1 1 0 1 1
264 1 0 0 1 2 1 1 1
265 0 1 2 0 1 1 0 2
266 1 0 2 0 1 0 1 0
267 1 0 0 1 1 2 1 1
268 1 1 1 2 2 0 0 0
269 2 1 0 0 1 0 1 1
270 1 1 0 0 0 0 2 1
271 3 1 0 1 0 0 1 0
272 2 1 1 1 0 2 0 0
273 0 1 1 0 1 1 1 0
274 1 3 1 1 2 1 2 0
275 2 0 1 1 2 2 0 1
276 1 1 0 1 1 0 2 0
277 2 0 1 1 0 2 2 0
278 1 1 0 1 0 2 1 0
279 1 1 1 0 0 1 1 0
T6
0 0 0 0 3 1 1 1 0
1 1 1 1 1 1 0 1 1
2 2 0 1 0 1 0 1 1
3 0 0 1 1 1 0 1 3
4 0 0 3 0 0 1 1 0
5 1 2 1 1 1 0 1 1
6 2 0 1 2 0 0 1 2
7 0 0 0 2 1 1 0 1
8 0 2 1 0 0 0 2 1
9 0 0 1 1 1 0 2 0
10 2 1 3 1 2 1 0 3
11 1 0 1 1 0 1 1 1
12 1 1 0 1 0 1 1 1
13 1 2 0 0 1 0 1 1
14 1 0 1 0 0 1 1 1
15 1 1 0 1 1 0 1 1
16 1 1 1 1 2 0 1 1
17 1 2 0 0 2 0 1 0
18 0 1 2 1 0 1 1 0
19 1 1 2 1 1 2 2 2
20 1 0 0 1 1 0 2 0
21 1 0 1 1 0 1 2 1
22 2 1 1 0 1 0 1 1
23 2 1 1 0 1 0 2 1
24 1 0 1 1 1 1 1 0
25 1 1 1 0 0 2 2 0
26 0 2 0 1 1 1 1 0
27 0 0 1 1 2 0 2 3
28 0 2 1 0 1 0 0 1
29 1 0 0 3 1 3 0 1
30 0 0 1 1 3 1 0 2
31 0 0 1 0 1 1 1 0
32 0 0 0 1 0 1 0 1
33 0 0 1 1 1 1 1 1
34 0 1 2 1 0 2 1 1
35 0 2 2 1 2 1 1 1
36 1 1 1 2 0 0 0 0
37 0 0 2 1 2 2 1 1
38 0 1 0 2 1 0 1 1
39 1 1 2 1 1 0 0 0
40 1 2 0 1 1 1 0 1
41 1 1 1 1 2 1 3 1
42 1 2 1 1 1 1 0 1
43 1 1 0 0 2 1 0 2
44 0 0 1 1 2 1 0 3
45 0 2 2 0 2 2 0 2
46 1 2 2 2 1 0 1 2
47 0 1 2 2 1 0 0 1
48 1 2 1 1 1 2 0 0
49 2 2 1 1 0 1 0 1
50 1 0 1 0 0 0 1 1
51 1 0 0 1 2 1 1 1
52 1 1 1 1 1 0 1 0
53 0 1 0 0 1 0 1 0
54 1 1 3 0 1 1 1 1
55 1 1 2 2 0 2 1 1
56 0 0 0 1 0 2 1 1
57 1 0 1 1 2 1 0 1
58 1 2 1 0 1 1 2 3
59 3 0 0 0 1 2 0 0
60 2 1 1 0 2 1 1 2
61 1 1 1 1 0 2 0 0
62 0 0 1 0 1 1 0 2
63 3 1 1 0 2 0 0 0
64 0 1 2 2 0 1 0 0
65 2 1 2 1 0 2 2 1
66 0 2 0 2 0 1 0 3
67 2 1 1 1 1 0 2 0
68 1 1 1 2 0 1 1 0
69 2 2 0 0 0 1 2 3
70 0 1 0 1 1 1 1 1
71 2 0 0 1 1 0 0 0
72 0 0 0 1 2 0 2 0
73 2 1 1 2 0 0 2 0
74 1 0 0 1 0 0 1 2
75 1 0 1 3 1 0 2 1
76 1 0 3 1 1 0 0 1
77 1 1 0 0 1 1 1 3
78 1 0 0 0 2 0 0 1
79 1 0 1 2 1 1 2 0
80 2 2 1 2 0 2 2 0
81 1 1 1 1 0 2 0 0
82 0 1 1 0 1 1 1 3
83 0 0 1 1 1 1 3 0
84 0 0 1 2 0 0 1 1
85 0 1 0 1 1 1 0 0
86 2 1 1 0 1 0 0 0
87 0 3 2 0 1 0 1 0
88 1 1 1 1 1 2 3 1
89 1 1 1 1 0 2 0 1
90 1 0 0 0 2 1 1 0
91 1 1 1 1 1 0 2 0
92 0 0 1 2 1 0 0 0
93 2 0 0 1 2 1 1 1
94 1 3 1 0 0 1 0 1
95 0 0 2 0 1 1 1 1
96 1 2 1 1 1 1 2 1
97 0 0 0 2 1 0 0 0
98 0 0 0 1 0 1 3 1
99 1 2 1 0 1 0 1 0
100 0 0 1 0 0 2 2 2
101 0 2 0 0 0 0 1 1
102 2 1 1 2 0 0 1 1
103 0 1 1 2 1 0 1 0
104 2 1 1 1 1 1 2 0
105 0 0 1 2 1 1 4 1
106 0 0 0 2 1 2 1 1
107 0 0 1 1 1 1 2 0
108 0 0 0 1 1 1 1 2
109 1 1 0 0 0 0 1 1
110 1 1 0 1 0 1 1 1
111 1 0 1 3 0 2 2 1
112 1 1 0 1 1 1 1 0
113 1 0 1 1 2 0 1 1
114 1 1 1 1 1 2 1 0
115 0 2 2 1 2 0 1 0
116 1 1 1 1 2 0 0 2
117 1 0 2 0 0 0 1 0
118 0 1 2 1 1 0 0 1
119 1 1 2 1 2 1 0 0
120 0 2 2 1 2 0 0 0
121 1 1 0 0 3 1 1 2
122 1 0 1 1 2 1 1 0
123 0 1 0 1 3 1 1 1
124 1 1 1 2 1 1 2 2
125 0 0 1 0 1 1 0 1
126 1 0 2 0 0 1 2 0
127 2 1 0 1 1 1 1 0
128 1 1 0 1 1 0 2 0
129 0 1 1 2 1 1 0 1
130 1 1 1 2 2 1 1 0
131 0 0 1 2 0 1 1 0
132 0 2 1 2 1 1 0 2
133 1 0 0 0 1 2 0 2
134 0 0 0 2 1 1 2 3
135 2 3 0 1 0 1 1 2
136 0 0 0 2 1 0 1 1
137 1 1 0 2 1 2 2 0
138 1 1 2 0 0 1 0 1
139 1 1 0 1 0 1 3 0
140 1 2 1 0 0 1 1 1
141 1 0 0 1 2 1 1 1
142 1 1 0 0 0 1 1 3
143 1 1 0 2 0 0 1 1
144 2 1 0 0 1 1 1 0
145 1 0 2 1 0 0 2 0
146 0 0 0 2 0 0 1 2
147 2 2 1 0 1 0 2 1
148 2 0 1 1 0 0 1 2
149 0 0 1 0 3 1 1 2
150 0 2 1 1 1 1 0 1
151 1 1 1 0 2 0 1 0
152 1 0 1 1 1 0 2 1
153 1 0 2 1 1 1 1 0
154 1 1 0 0 2 1 1 1
155 2 2 1 0 1 1 0 0
156 1 0 1 0 1 3 0 1
157 2 1 1 0 1 0 2 1
158 1 0 1 0 1 0 0 0
159 1 0 2 1 1 1 0 0
160 2 1 1 1 1 1 0 1
161 0 1 1 0 0 1 1 0
162 0 0 1 1 0 2 0 0
163 0 1 1 1 2 1 0 0
164 0 1 1 1 0 1 1 1
165 0 0 1 2 2 1 1 0
166 2 2 0 1 0 1 2 1
167 0 1 1 1 2 1 0 1
168 1 1 0 1 1 1 0 0
169 0 0 0 1 2 0 0 1
170 0 1 1 0 1 1 2 0
171 1 1 0 1 0 0 0 0
172 1 1 0 0 2 1 0 0
173 0 0 0 0 1 0 0 2
174 1 1 1 0 2 2 1 1
175 0 2 0 2 2 0 1 0
176 2 1 1 1 1 0 1 0
177 1 0 1 1 0 1 0 1
178 1 1 1 2 2 1 1 0
179 0 1 0 1 1 1 1 2
180 1 1 2 2 1 0 0 0
181 1 1 1 0 0 0 0 1
182 2 1 2 3 1 0 1 0
183 1 1 0 1 1 1 1 0
184 1 0 0 1 0 1 1 0
185 0 0 1 2 0 1 2 1
186 0 1 3 1 1 1 2 0
187 0 0 0 0 1 1 1 1
188 1 1 0 1 3 0 1 0
189 1 0 1 0 1 2 0 1
190 0 2 1 1 3 1 1 2
191 0 0 0 1 1 3 2 2
192 1 0 0 1 2 1 2 0
193 1 1 0 3 2 0 0 1
194 1 1 0 0 2 0 1 1
195 1 1 0 0 2 1 1 1
196 0 2 0 1 2 0 1 0
197 1 1 0 0 0 1 1 1
198 1 0 2 2 0 0 3 1
199 1 0 0 1 2 1 0 2
200 1 0 0 1 0 2 0 0
201 1 1 1 1 0 2 1 0
202 2 1 1 1 1 1 1 1
203 1 0 1 0 1 0 1 2
204 0 0 0 0 0 2 1 1
205 0 0 0 0 3 1 1 0
206 0 0 1 1 0 1 1 1
207 1 1 2 1 1 1 0 3
208 1 1 0 0 1 1 1 0
209 2 1 0 1 0 1 0 2
210 0 0 0 3 0 2 1 0
211 1 0 0 0 0 2 0 0
212 1 0 2 1 1 1 1 2
213 2 1 1 0 0 1 1 1
214 0 1 1 1 1 1 1 0
215 2 2 0 2 1 0 0 1
216 0 1 0 0 0 1 0 0
217 0 1 3 1 1 1 2 2
218 1 0 1 2 1 0 0 1
219 0 0 1 0 2 0 1 0
220 1 1 0 0 0 1 2 0
221 0 0 2 2 0 2 1 1
222 0 1 1 0 1 0 1 0
223 1 1 1 2 1 1 0 1
224 2 0 0 1 1 1 1 1
225 1 1 1 2 1 1 0 0
226 1 0 1 1 1 1 0 1
227 2 1 1 1 0 0 1 1
228 1 1 1 0 0 0 1 1
229 0 1 0 1 0 0 1 0
230 1 1 1 0 3 1 0 1
231 0 1 1 1 1 0 1 1
232 2 0 0 0 0 0 0 1
233 1 2 1 0 0 1 1 1
234 1 1 1 0 1 0 1 1
235 1 0 2 1 1 1 2 2
236 1 1 0 0 3 0 0 1
237 2 1 1 1 1 1 1 2
238 1 0 1 1 0 1 1 1
239 0 1 1 0 3 1 1 2
240 0 1 0 0 1 1 2 0
241 1 0 1 0 1 2 1 1
242 1 1 0 0 0 1 0 0
243 1 1 1 0 1 1 1 1
244 1 1 1 1 0 1 2 0
245 1 1 2 0 0 1 0 0
246 2 2 2 2 3 0 1 1
247 1 1 0 0 1 1 0 1
248 1 0 1 2 1 1 0 0
249 1 0 0 1 1 1 1 0
250 1 0 1 1 0 1 0 0
251 0 0 1 1 0 1 1 0
252 1 0 2 3 0 0 1 1
253 2 0 1 0 0 2 0 0
254 1 0 0 0 1 1 0 2
255 0 1 1 2 1 1 1 0
256 1 0 1 1 3 1 1 2
257 1 1 1 0 2 1 0 1
258 0 0 0 2 1 1 0 0
259 1 1 1 1 0 1 0 1
260 1 1 1 1 1 1 0 0
261 0 0 0 1 2 0 0 0
262 3 1 1 0 2 0 1 2
263 1 1 0 2 0 1 2 1
264 1 1 1 2 1 1 0 2
265 1 0 3 1 1 0 0 2
266 0 2 1 0 0 1 0 0
267 1 0 1 2 1 1 2 1
268 0 1 0 1 0 1 0 0
269 1 2 0 1 1 1 2 2
270 1 1 1 0 1 1 0 0
271 1 0 2 0 1 0 0 2
272 1 1 1 0 2 1 1 1
273 3 1 1 2 1 0 0 2
274 2 3 2 1 1 2 0 0
275 2 1 2 2 1 2 1 1
276 1 0 2 2 1 1 2 0
277 1 2 0 0 1 1 1 2
278 0 1 0 1 0 0 1 0
279 1 1 1 1 1 0 1 2
T7
0 1 1 0 0 0 0 2 1
1 2 0 1 0 1 1 1 1
2 2 1 1 2 3 1 1 0
3 0 1 0 0 2 1 1 3
4 0 1 1 0 0 0 1 1
5 1 0 0 0 0 1 1 2
6 2 1 0 1 2 2 0 1
7 0 0 1 2 1 0 2 1
8 0 1 1 1 0 0 2 0
9 0 2 2 0 0 0 1 0
10 0 1 2 1 0 1 1 0
11 0 0 1 1 2 1 1 0
12 1 0 2 0 2 1 0 1
13 1 1 1 1 0 0 2 1
14 0 0 1 2 2 1 1 2
15 1 1 1 2 1 1 1 2
16 1 0 1 0 2 1 2 1
17 2 2 1 1 1 3 2 1
18 0 2 1 0 2 1 1 1
19 1 0 1 1 2 1 1 1
20 0 0 0 0 0 2 0 1
21 1 0 1 1 1 1 1 0
22 2 2 0 0 0 1 2 1
23 1 0 0 0 1 1 1 1
24 1 0 3 1 2 0 0 1
25 2 0 1 0 0 2 2 0
26 1 0 0 2 0 1 1 1
27 2 1 0 1 2 2 0 1
28 0 1 1 0 1 1 1 0
29 2 1 1 3 1 0 2 1
30 1 0 1 0 1 1 2 1
31 0 0 1 1 0 0 1 1
32 3 0 1 1 2 1 1 1
33 1 0 1 2 0 0 0 0
34 0 1 0 1 1 1 1 1
35 0 2 1 1 1 1 1 0
36 1 1 0 0 3 1 0 0
37 1 2 0 0 1 1 1 0
38 2 2 0 0 1 0 1 2
39 2 1 1 1 1 0 0 2
40 1 0 0 0 0 1 2 0
41 1 1 2 2 1 1 2 1
42 0 1 1 0 2 1 1 0
43 2 1 2 0 2 1 1 1
44 1 0 2 0 1 2 2 0
45 0 1 0 1 1 0 2 1
46 3 1 1 1 1 0 0 0
47 1 1 2 1 1 0 1 1
48 0 0 0 1 1 0 0 1
49 0 3 1 3 0 2 0 0
50 0 1 1 1 0 0 1 3
51 1 0 2 0 0 1 1 1
52 2 0 0 1 0 1 1 1
53 0 1 1 1 1 1 0 0
54 0 0 0 1 1 2 1 1
55 2 1 0 1 1 0 1 0
56 1 2 0 1 0 0 1 0
57 2 1 1 2 0 2 1 0
58 1 1 1 0 2 0 0 0
59 1 1 1 0 1 1 1 0
60 2 0 2 2 0 1 0 1
61 2 2 0 1 1 2 2 0
62 2 2 0 1 0 0 0 1
63 0 0 1 0 1 0 0 1
64 2 1 0 1 1 0 0 0
65 0 0 0 1 1 1 0 1
66 2 2 1 2 1 1 0 0
67 1 0 1 1 0 0 1 0
68 0 2 2 1 1 1 1 2
69 1 1 1 4 1 3 1 2
70 1 0 1 0 1 0 0 1
71 1 2 1 0 2 0 0 1
72 1 2 1 2 0 2 1 1
73 1 1 2 1 0 1 0 1
74 1 1 1 0 1 1 1 1
75 1 0 1 1 0 0 0 0
76 1 1 1 1 2 0 2 1
77 3 1 2 0 0 1 0 0
78 0 1 2 1 1 1 1 1
79 1 1 0 1 1 0 2 2
80 2 1 0 1 1 0 1 1
81 1 0 0 1 1 1 2 0
82 1 1 0 1 1 1 0 1
83 0 1 2 0 1 1 2 0
84 0 1 0 0 0 2 1 1
85 1 2 0 0 1 0 1 0
86 1 1 0 0 1 1 2 0
87 1 1 3 1 1 1 1 0
88 1 1 2 0 1 2 0 2
89 1 1 1 1 1 2 2 1
90 2 0 1 0 1 1 1 1
91 1 0 2 0 1 0 1 1
92 0 0 0 1 1 0 1 1
93 1 3 0 1 1 0 1 0
94 1 1 0 1 2 0 1 1
95 2 0 0 0 1 3 0 2
96 2 1 1 2 1 1 2 0
97 1 0 2 0 3 1 2 1
98 2 1 1 1 1 1 1 1
99 2 1 1 1 1 2 0 0
100 1 1 1 1 1 1 2 1
101 0 1 1 0 1 1 1 1
102 1 0 1 2 0 0 1 1
103 0 3 1 2 1 1 1 2
104 1 0 3 2 0 0 1 0
105 2 2 1 3 1 1 1 1
106 1 1 3 1 0 0 0 1
107 0 1 1 1 2 0 0 1
108 1 1 1 1 0 0 2 2
109 1 1 1 1 0 2 0 0
110 1 2 2 0 1 0 0 2
111 1 0 1 0 0 0 2 2
112 0 1 2 0 2 1 0 0
113 1 1 1 1 0 0 1 0
114 1 0 0 1 1 2 2 1
115 2 1 3 2 1 1 1 0
116 2 1 1 2 1 0 1 2
117 0 1 2 2 1 1 2 1
118 0 1 0 2 1 0 0 1
119 1 2 2 1 1 0 2 1
120 0 0 1 1 1 1 1 1
121 2 0 1 1 0 0 1 1
122 0 0 1 0 0 0 2 0
123 2 0 0 0 1 0 0 0
124 0 2 1 1 0 1 2 2
125 1 1 1 1 1 1 1 2
126 1 1 1 0 1 0 1 0
127 2 1 2 2 0 1 0 0
128 1 1 1 1 0 0 1 0
129 2 1 0 0 1 1 1 0
130 1 2 0 1 1 3 1 1
131 1 2 1 1 0 1 0 1
132 1 1 0 1 1 0 1 3
133 1 1 0 2 1 1 2 0
134 1 1 1 0 1 1 1 2
135 0 2 1 1 2 2 2 1
136 1 1 1 0 0 1 1 0
137 0 0 1 0 0 1 0 1
138 2 0 0 1 1 1 0 1
139 2 1 0 1 1 2 1 1
140 0 1 0 1 0 2 0 1
141 0 1 2 2 0 1 3 0
142 0 2 3 1 1 0 2 0
143 0 1 1 0 1 1 1 0
144 1 1 1 1 0 0 1 1
145 1 1 1 0 0 1 0 2
146 2 1 1 0 2 0 0 0
147 0 0 0 0 2 0 0 1
148 2 1 2 0 2 1 2 1
149 2 1 2 1 1 0 1 1
150 0 0 0 0 1 0 1 0
151 2 0 0 1 2 1 0 1
152 2 1 1 1 0 1 1 1
153 1 2 0 1 1 2 1 0
154 1 0 1 2 0 2 1 0
155 1 1 2 2 0 1 1 1
156 0 0 0 1 0 1 1 0
157 1 1 2 0 2 1 1 1
158 2 1 2 1 0 1 0 2
159 1 0 1 1 0 0 0 0
160 1 1 0 0 1 2 1 1
161 0 1 0 1 1 1 1 0
162 2 1 1 0 0 1 1 0
163 1 1 1 1 0 0 1 2
164 3 1 1 1 0 1 0 1
165 2 0 0 2 2 0 1 1
166 0 0 1 1 1 0 1 1
167 0 2 1 3 1 1 1 0
168 1 0 0 1 1 1 1 1
169 0 0 0 0 1 0 0 1
170 2 0 2 2 1 0 2 1
171 0 1 1 0 2 1 0 1
172 1 0 2 1 0 1 0 1
173 0 2 2 1 0 1 0 1
174 1 0 1 2 2 0 0 0
175 1 0 2 1 2 1 1 1
176 1 3 2 2 1 0 0 1
177 0 1 0 1 0 0 1 0
178 1 2 0 0 0 1 1 1
179 0 2 1 1 1 1 1 1
180 0 1 2 0 1 1 0 0
181 1 2 1 1 1 1 1 1
182 1 1 0 1 1 1 2 1
183 1 0 2 1 1 1 0 0
184 1 0 1 0 1 0 0 0
185 2 2 1 0 1 2 0 0
186 0 1 2 0 0 1 1 0
187 1 2 1 0 2 1 0 1
188 2 0 2 0 1 2 1 0
189 1 1 1 0 3 1 2 1
190 0 0 0 0 0 1 0 1
191 0 1 2 1 2 1 1 1
192 0 0 3 2 0 1 2 2
193 2 2 1 1 0 1 0 1
194 3 1 3 2 0 1 2 1
195 1 1 0 1 1 1 1 0
196 0 1 2 1 1 1 0 1
197 0 1 2 1 1 1 0 0
198 1 0 2 1 1 0 2 1
199 2 1 0 0 1 0 0 2
200 2 0 1 1 1 1 0 0
201 1 2 2 0 0 1 2 2
202 1 3 0 1 2 1 1 2
203 2 0 1 1 1 0 1 2
204 1 1 1 1 2 0 0 0
205 2 1 2 1 1 1 1 2
206 0 1 1 0 0 2 2 0
207 1 0 0 0 0 1 0 1
208 1 0 0 1 2 1 1 0
209 4 3 1 1 1 0 1 2
210 0 0 2 1 1 0 1 0
211 0 1 0 0 0 1 1 2
212 2 0 1 0 2 0 2 0
213 3 0 1 1 1 2 2 1
214 1 0 0 1 0 1 1 0
215 1 1 1 0 1 0 1 3
216 0 2 2 0 0 1 2 2
217 1 2 0 2 0 0 0 0
218 1 1 0 1 0 1 0 2
219 1 0 0 0 0 1 0 0
220 1 0 2 2 1 2 1 0
221 0 2 1 2 0 1 1 1
222 2 1 1 0 0 0 0 1
223 1 1 0 1 0 0 0 0
224 1 1 0 0 1 0 0 1
225 1 1 1 1 0 0 0 2
226 2 0 2 2 1 1 1 1
227 1 1 0 0 0 1 1 1
228 0 2 1 2 1 1 1 1
229 0 1 0 0 3 1 1 0
230 1 1 0 1 0 0 2 0
231 1 1 1 1 0 1 0 1
232 1 1 1 0 0 2 0 0
233 1 2 0 1 1 0 2 4
234 1 0 2 1 1 0 0 1
235 0 1 2 2 2 0 3 1
236 0 1 2 0 1 2 1 1
237 2 2 2 1 2 1 1 1
238 2 1 1 0 0 1 0 1
239 0 1 1 1 0 0 0 1
240 1 2 1 0 0 0 1 2
241 1 0 2 0 0 2 1 1
242 1 2 2 1 2 0 1 1
243 1 1 1 1 0 1 1 1
244 0 0 1 0 1 0 1 0
245 1 1 1 1 1 1 0 0
246 1 0 2 0 2 0 2 1
247 1 1 0 1 1 1 1 0
248 0 1 3 1 0 1 0 1
249 2 0 1 1 1 1 2 0
250 1 1 1 2 0 0 3 1
251 0 0 0 0 1 0 0 1
252 1 0 1 2 1 1 0 1
253 0 0 2 2 0 1 0 0
254 1 1 1 0 1 0 1 0
255 0 1 0 1 2 1 1 1
256 1 1 2 1 1 1 1 0
257 0 1 1 1 2 0 0 1
258 1 0 2 0 1 1 0 1
259 2 2 0 0 0 0 0 2
260 1 2 1 1 1 0 0 1
261 2 3 1 1 1 2 1 0
262 2 0 0 0 0 3 0 2
263 1 0 0 2 1 0 0 0
264 1 1 2 0 2 1 2 2
265 1 1 2 0 0 2 1 2
266 1 2 0 0 1 0 1 1
267 3 1 0 1 1 1 1 1
268 1 2 1 1 1 1 0 1
269 0 0 0 0 1 1 1 0
270 0 1 2 1 2 1 1 1
271 1 0 0 1 1 1 0 0
272 0 0 1 1 0 2 1 0
273 1 0 0 3 1 2 0 2
274 1 1 1 4 0 2 0 1
275 1 2 2 1 0 0 2 1
276 1 0 1 1 0 0 0 2
277 0 0 1 1 1 0 2 1
278 1 1 1 1 1 3 0 1
279 2 2 2 0 2 1 1 1
