T0
0 0 0 0 2 1 1 1 1 0 1
1 1 1 1 1 1 3 1 1 1 1
2 2 1 0 2 1 1 0 0 2 0
3 1 1 1 0 1 1 1 1 1 2
4 0 0 1 0 4 2 0 2 2 1
5 0 2 2 1 1 0 1 2 1 0
6 1 2 1 1 0 1 1 0 2 0
7 2 1 1 1 0 0 0 1 1 1
8 1 2 1 1 0 0 1 0 0 1
9 0 2 1 1 1 0 1 2 2 0
10 0 1 1 0 1 1 2 1 1 1
11 0 3 1 2 1 0 0 1 2 1
12 1 1 0 0 0 0 1 0 2 0
13 1 0 0 1 2 1 0 0 0 1
14 0 1 0 1 1 0 0 1 0 2
15 1 1 2 0 1 1 1 1 1 2
16 1 0 1 0 1 1 1 1 1 1
17 0 1 1 0 0 0 2 0 1 1
18 1 0 1 0 2 1 0 0 2 1
19 1 0 1 1 1 0 2 1 0 0
20 1 0 0 1 1 2 0 0 0 0
21 1 2 1 1 1 2 2 0 1 1
22 2 1 1 1 0 1 1 0 1 1
23 1 0 0 1 1 1 1 0 0 1
24 1 1 3 2 0 0 0 2 1 1
25 1 2 0 1 1 1 1 2 0 2
26 1 1 0 0 3 1 1 1 1 0
27 1 0 1 0 2 1 1 0 1 1
28 2 1 1 0 1 0 1 0 0 1
29 0 0 1 2 1 1 1 1 0 2
30 0 2 0 1 2 1 1 0 0 1
31 1 1 0 1 0 1 2 1 1 0
32 1 1 0 0 0 1 0 2 0 0
33 0 1 2 0 0 1 2 1 1 0
34 2 0 1 1 0 1 1 0 2 0
35 1 2 2 1 1 0 2 2 1 0
36 0 3 0 1 1 0 0 0 0 1
37 1 3 0 2 1 2 2 1 1 2
38 1 1 0 0 0 0 1 0 2 2
39 0 0 1 2 0 1 2 1 0 1
40 0 0 0 1 2 2 1 2 1 1
41 0 1 0 2 2 2 2 0 0 1
42 0 2 1 1 3 0 2 1 1 3
43 1 1 0 1 1 0 1 0 1 2
44 2 1 2 1 0 1 1 0 0 1
45 0 1 0 0 0 1 1 2 1 1
46 2 1 1 3 0 1 0 0 1 1
47 0 0 0 0 1 0 0 0 1 1
48 1 1 0 2 2 1 1 1 1 0
49 0 0 0 1 1 3 1 0 2 1
50 1 2 2 2 0 0 2 1 0 0
51 0 2 1 1 1 2 1 0 1 1
52 2 1 3 1 0 0 1 1 1 1
53 1 1 1 2 1 0 2 1 0 1
54 0 0 1 1 0 1 0 1 1 1
55 0 0 1 1 1 0 3 1 1 2
56 1 0 2 0 0 0 0 1 1 1
57 1 0 0 2 0 1 1 1 1 2
58 1 1 1 0 0 1 0 2 2 0
59 1 1 1 2 0 1 0 2 2 0
60 1 0 1 1 0 2 2 0 1 0
61 2 1 0 0 1 1 1 2 0 1
62 1 0 1 0 0 0 0 1 1 0
63 2 2 2 2 2 1 1 1 2 2
64 1 0 2 1 1 0 0 2 2 1
65 0 2 1 0 1 1 1 2 0 1
66 2 0 0 1 1 1 1 0 2 1
67 0 0 1 1 1 2 0 0 0 1
68 1 1 1 0 0 1 0 2 1 0
69 1 1 0 1 1 0 0 2 1 1
70 0 1 1 0 2 1 0 1 0 0
71 1 1 0 1 2 0 0 1 0 2
72 1 2 0 1 2 0 1 0 0 2
73 1 1 2 2 1 2 1 2 2 1
74 0 1 1 0 0 0 2 0 0 1
75 0 0 1 0 0 1 2 0 1 0
76 1 0 2 0 0 1 1 2 0 2
77 0 0 0 1 1 0 0 0 2 1
78 1 1 0 1 1 0 2 1 1 1
79 1 0 1 0 2 0 0 0 1 2
80 0 2 0 2 2 1 0 0 1 1
81 1 1 1 1 1 0 2 1 0 0
82 1 2 1 2 0 1 0 1 0 1
83 0 1 1 0 1 2 1 0 0 1
84 2 1 1 1 0 0 0 1 1 1
85 0 1 0 1 1 0 1 1 2 0
86 0 1 0 0 0 1 1 1 1 1
87 0 0 0 1 1 1 0 2 1 1
88 1 1 1 0 1 0 1 1 1 1
89 0 0 2 2 1 2 1 2 0 0
90 0 2 0 1 1 3 1 0 0 2
91 0 0 1 0 0 0 0 1 2 1
92 1 1 1 0 0 1 1 1 1 1
93 0 0 1 0 0 0 0 2 1 2
94 4 0 1 1 1 1 1 2 1 1
95 1 2 1 0 1 2 0 1 0 1
96 2 1 1 1 2 0 0 0 2 0
97 0 1 2 1 0 1 1 0 2 0
98 1 1 1 0 2 1 1 0 0 1
99 1 1 3 2 1 0 0 0 0 0
100 2 1 1 1 2 0 1 0 1 2
101 0 0 2 2 2 2 1 0 2 0
102 0 1 1 0 2 0 1 0 1 1
103 1 0 3 2 0 2 0 0 1 1
104 2 0 2 0 1 0 1 0 0 1
105 1 1 1 2 1 1 0 0 1 1
106 2 1 1 1 2 0 0 3 0 1
107 1 0 2 1 0 1 1 0 0 1
108 0 0 2 1 0 2 2 1 1 1
109 0 0 1 1 1 2 2 1 0 1
110 1 0 1 0 1 1 1 0 0 2
111 1 3 0 0 2 1 0 0 2 0
112 0 2 1 1 1 1 0 0 2 0
113 0 0 0 1 2 1 0 0 2 0
114 1 0 0 1 0 1 1 0 1 1
115 1 1 2 0 1 2 0 1 0 0
116 1 1 0 1 1 1 1 2 0 1
117 0 0 0 1 1 2 1 1 2 1
118 2 2 1 0 0 1 0 0 1 1
119 1 1 1 1 0 1 1 1 0 1
120 2 1 0 2 1 0 1 0 0 1
121 1 1 0 2 1 1 0 1 1 1
122 0 1 1 2 0 1 1 1 1 2
123 1 1 0 1 2 1 0 1 1 1
124 2 1 0 0 1 1 1 1 1 0
125 1 0 1 0 2 2 0 2 1 0
126 2 0 2 0 1 1 2 0 2 0
127 1 1 1 1 1 0 1 0 1 1
128 1 2 0 0 1 0 1 1 1 3
129 1 1 0 0 1 1 2 1 0 1
130 1 1 2 0 0 1 0 2 2 0
131 1 1 1 1 1 1 1 1 0 2
132 0 1 1 1 0 2 1 2 1 1
133 1 1 0 1 2 0 1 0 1 0
134 1 0 2 2 0 1 1 0 0 1
135 1 1 1 0 1 1 1 1 1 0
136 1 1 1 0 1 2 0 0 1 0
137 1 1 0 1 1 2 1 2 0 0
138 1 1 1 1 2 1 1 1 4 0
139 1 1 1 1 0 2 1 1 0 1
140 3 0 1 1 0 2 2 0 1 2
141 1 1 1 1 0 0 1 1 2 2
142 2 1 0 1 1 2 1 1 1 0
143 0 0 0 1 1 0 1 2 1 0
144 1 1 0 2 0 2 2 3 1 2
145 2 0 1 1 1 1 1 1 0 1
146 1 0 1 1 1 1 0 2 1 2
147 2 2 1 1 0 0 2 1 2 1
148 2 3 0 1 0 1 1 1 2 0
149 0 2 4 1 1 1 1 0 1 0
150 1 1 1 1 0 1 2 1 1 1
151 2 1 1 1 1 0 0 1 0 1
152 1 1 1 0 0 2 1 0 0 0
153 1 2 2 1 0 2 2 0 2 2
154 0 1 0 0 1 2 1 0 0 1
155 1 1 0 1 1 0 0 0 1 0
156 2 1 2 2 0 1 1 0 1 1
157 2 1 0 2 0 1 0 2 1 2
158 1 0 0 0 2 0 1 0 0 0
159 1 0 1 0 0 2 1 2 2 1
160 0 0 1 1 1 0 0 0 0 3
161 0 0 1 0 2 0 1 0 2 0
162 1 1 2 1 1 2 1 1 1 2
163 1 1 1 1 0 0 2 1 0 2
164 1 0 1 1 0 1 2 1 0 1
165 1 0 1 1 0 1 1 0 0 1
166 1 2 1 1 2 0 1 0 1 0
167 0 0 0 1 0 0 1 1 0 0
168 1 1 1 0 2 1 0 1 0 2
169 1 2 1 1 1 1 0 0 0 2
170 0 2 0 1 1 1 1 0 1 1
171 1 3 2 1 1 0 0 1 0 1
172 1 3 0 1 1 1 1 2 2 1
173 0 1 1 0 2 1 0 2 2 0
174 2 1 1 1 1 1 1 1 2 1
175 1 1 0 1 0 0 0 1 1 0
176 0 2 1 1 0 1 1 0 1 1
177 2 1 1 0 0 1 1 1 2 2
178 1 0 1 2 2 1 1 1 1 0
179 1 1 1 1 0 0 3 0 2 0
180 0 1 0 1 0 1 1 2 0 2
181 0 2 0 0 0 0 0 1 1 2
182 1 0 1 1 0 0 1 1 0 2
183 1 0 1 1 1 0 0 1 1 0
184 1 1 1 1 2 0 0 1 0 1
185 0 1 0 2 1 2 2 0 2 0
186 1 1 2 1 2 0 0 1 1 0
187 1 0 1 3 1 2 2 1 0 2
188 1 0 2 1 0 0 1 1 1 0
189 2 2 0 1 1 0 0 1 0 0
190 0 0 1 2 2 0 1 0 2 3
191 2 1 1 1 0 2 1 0 1 0
192 1 1 1 0 1 0 2 1 1 1
193 2 0 1 1 1 2 0 2 1 3
194 2 1 1 1 1 2 1 1 2 1
195 1 1 2 1 1 1 0 0 1 0
196 1 1 0 0 0 4 0 1 0 1
197 1 1 3 2 1 1 0 0 1 1
198 0 1 1 0 1 0 1 1 1 0
199 1 1 0 1 0 1 1 1 1 1
200 1 0 1 3 1 1 1 1 1 1
201 1 1 0 1 3 2 1 1 2 1
202 1 2 2 0 2 1 1 2 0 1
203 1 2 0 1 2 2 0 1 0 0
204 3 1 1 0 1 0 1 2 0 1
205 1 1 1 1 1 0 1 1 2 1
206 0 1 3 0 2 0 2 0 2 2
207 2 0 0 1 0 0 1 0 1 0
208 1 1 0 1 0 0 0 1 0 1
209 1 1 0 0 0 0 0 1 3 0
210 1 0 0 0 0 1 1 1 0 0
211 1 2 2 0 0 1 1 2 0 0
212 1 1 0 3 1 2 0 1 0 1
213 0 1 1 0 0 2 1 1 1 2
214 1 0 0 1 1 0 2 1 0 0
215 0 1 1 1 0 0 1 1 2 1
216 0 1 1 0 0 1 2 0 1 1
217 0 2 0 3 1 0 1 1 1 1
218 1 1 2 2 0 0 1 0 1 0
219 0 0 0 0 1 0 0 0 0 1
220 1 0 1 0 2 2 0 2 2 0
221 0 1 0 0 0 2 1 1 0 0
222 1 0 1 1 2 0 2 1 2 1
223 1 2 1 2 1 0 1 0 1 0
224 2 1 1 2 1 0 1 1 1 0
225 0 0 2 0 0 2 1 0 1 1
226 0 0 0 0 1 1 0 1 1 1
227 0 1 0 1 1 1 2 0 1 2
228 0 0 2 1 2 1 2 1 1 1
229 1 2 2 1 0 0 1 0 2 1
230 1 2 1 1 3 1 0 1 1 2
231 1 1 1 1 0 1 0 1 0 0
232 1 1 2 0 1 1 1 0 1 0
233 1 1 1 1 1 1 1 1 1 1
234 2 1 1 1 0 1 1 0 1 1
235 1 0 0 0 0 0 1 1 1 1
236 1 1 2 0 1 2 1 1 2 1
237 2 0 0 2 1 2 0 0 1 0
238 0 0 1 2 1 0 1 3 0 0
239 1 1 1 1 1 1 0 1 1 1
240 1 0 2 1 0 1 1 0 1 1
241 2 0 1 0 2 1 0 0 1 1
242 1 3 0 0 1 1 1 1 0 1
243 1 1 2 0 0 1 1 1 0 1
244 1 1 1 2 0 1 1 1 1 2
245 1 1 2 1 1 1 1 2 2 1
246 2 1 1 1 0 0 0 1 0 1
247 2 1 1 1 2 2 1 0 1 0
248 1 1 1 0 1 0 1 2 1 2
249 1 0 1 0 1 1 1 1 1 3
250 1 1 0 1 0 0 0 1 0 1
251 1 1 0 1 2 1 1 1 1 1
252 1 1 1 0 1 1 2 1 1 1
253 2 0 0 0 1 1 1 1 0 1
254 0 2 0 0 1 1 0 0 1 0
255 1 2 1 0 1 0 2 2 2 0
256 0 1 1 2 1 1 0 1 1 2
257 1 0 1 1 3 1 1 0 1 0
258 3 0 1 1 0 2 1 1 0 2
259 3 2 1 1 0 0 2 1 0 0
260 0 1 1 1 3 1 1 0 1 1
261 0 0 0 0 1 0 1 0 1 1
262 1 1 1 1 0 1 1 0 0 1
263 1 0 0 0 1 1 1 1 1 2
264 1 1 0 1 2 0 1 1 0 0
265 1 1 0 0 1 0 1 2 0 0
266 1 1 2 3 1 2 0 0 0 2
267 1 2 1 1 1 0 0 1 1 2
268 1 1 0 2 1 0 0 1 0 1
269 1 1 2 1 0 0 2 0 2 0
270 1 0 0 2 1 1 0 1 1 0
271 1 1 1 1 1 1 1 2 2 0
272 0 0 0 1 2 1 1 2 1 1
273 1 1 0 2 0 0 1 0 2 1
274 1 0 1 0 0 1 1 1 1 1
275 0 1 1 2 0 1 0 1 1 1
276 1 1 3 2 1 1 0 1 3 1
277 1 1 0 3 0 1 0 0 2 1
278 0 1 0 0 0 1 1 0 1 0
279 0 0 1 1 1 2 1 0 2 1
T1
0 0 0 0 2 0 1 0 2 2 1
1 0 0 0 0 0 1 1 1 0 1
2 1 0 0 0 1 1 1 1 0 3
3 0 1 0 1 0 1 1 2 2 0
4 3 2 0 1 0 1 2 1 0 1
5 1 2 1 2 1 0 1 1 1 2
6 1 2 1 0 0 0 1 1 1 2
7 2 0 1 0 0 1 0 1 1 2
8 1 1 0 1 2 1 0 1 1 0
9 0 1 1 1 0 1 0 0 1 2
10 1 1 2 1 0 2 0 1 0 0
11 1 1 2 1 0 0 1 1 2 1
12 1 1 1 0 0 1 0 0 0 0
13 3 1 1 2 1 1 1 1 0 2
14 1 0 0 2 2 0 1 1 2 1
15 1 0 2 1 1 0 1 1 1 0
16 1 0 0 1 1 1 2 0 1 1
17 1 1 0 0 0 0 1 2 1 0
18 3 1 1 1 0 2 0 1 1 1
19 2 1 1 0 0 1 1 0 3 3
20 0 3 0 2 1 1 2 1 0 1
21 1 0 0 0 1 1 0 0 2 2
22 0 1 0 0 0 1 2 0 1 0
23 0 2 1 0 0 1 1 2 1 0
24 1 2 1 0 0 0 0 1 0 1
25 1 1 1 1 1 1 0 3 1 0
26 1 2 0 0 0 0 0 1 1 1
27 2 1 0 1 0 0 1 0 0 1
28 1 1 1 2 2 1 2 1 0 0
29 1 1 0 0 0 1 0 1 0 1
30 0 2 2 2 2 1 1 1 1 1
31 3 1 1 1 2 0 0 3 0 0
32 1 0 1 0 2 0 0 1 1 2
33 1 3 1 0 1 1 0 0 1 0
34 1 0 1 1 2 0 1 0 1 2
35 1 0 1 2 1 1 2 0 1 0
36 1 1 1 1 1 3 0 0 0 2
37 1 2 2 1 0 2 0 0 0 0
38 2 3 1 2 1 1 1 1 3 1
39 2 1 1 1 1 0 0 0 1 1
40 2 2 2 1 1 1 1 0 1 0
41 0 0 0 1 0 0 2 1 0 0
42 0 2 1 0 0 2 1 1 2 0
43 2 1 0 1 1 0 0 1 0 0
44 2 0 1 1 1 1 2 0 0 1
45 1 0 1 2 0 0 0 2 2 2
46 0 1 1 1 0 2 0 1 1 1
47 0 1 1 2 1 0 2 1 0 2
48 1 0 1 0 2 1 1 1 1 1
49 1 1 1 1 0 2 1 1 0 2
50 1 0 0 2 1 0 0 1 1 0
51 1 1 2 2 0 0 1 1 2 1
52 0 1 1 0 2 2 1 0 1 1
53 1 1 1 0 1 1 1 0 1 0
54 2 1 1 0 1 1 1 1 1 1
55 2 1 0 0 1 1 0 0 2 0
56 1 0 1 3 1 2 1 0 1 1
57 2 1 1 1 1 0 1 0 0 2
58 1 1 2 0 1 1 1 0 1 0
59 1 0 2 0 1 0 0 0 0 1
60 1 1 0 0 1 0 0 0 1 2
61 1 0 0 0 1 1 0 1 3 0
62 1 1 2 1 0 0 0 1 1 0
63 2 0 0 0 0 1 2 0 3 1
64 1 1 1 2 1 2 0 0 1 1
65 1 0 1 1 1 0 0 2 1 0
66 1 0 1 2 1 0 0 1 0 0
67 1 0 1 1 1 2 2 0 3 1
68 1 1 1 2 1 1 2 1 1 0
69 1 1 1 1 1 1 1 2 0 0
70 0 0 3 1 1 0 0 1 2 0
71 1 3 0 0 1 0 0 1 0 0
72 1 1 0 0 1 2 1 1 0 0
73 1 1 0 0 1 2 1 0 0 2
74 1 1 1 0 1 0 0 1 1 0
75 0 1 1 1 0 0 1 2 3 0
76 1 0 1 1 0 1 0 1 0 0
77 1 1 1 0 2 1 0 0 0 0
78 0 1 1 1 2 2 1 2 0 1
79 1 1 1 2 2 1 0 1 1 2
80 1 2 1 1 0 1 1 2 1 0
81 0 1 1 1 0 1 0 2 0 2
82 1 1 1 0 1 1 1 1 1 0
83 1 0 1 1 0 0 0 0 1 1
84 1 1 1 0 1 2 1 1 1 1
85 1 0 0 3 1 0 0 0 1 2
86 0 1 0 1 0 2 1 0 0 2
87 1 0 1 1 0 1 2 3 1 1
88 1 0 0 0 0 0 1 1 0 2
89 1 1 2 2 0 1 0 1 1 0
90 1 2 2 1 0 0 1 2 1 1
91 0 2 1 0 1 0 1 1 0 0
92 0 1 0 0 1 2 1 0 1 1
93 0 1 3 2 2 1 0 0 0 1
94 0 1 0 1 0 0 0 2 1 1
95 0 2 0 1 1 1 2 0 0 1
96 0 1 0 3 0 0 0 2 0 1
97 1 2 0 0 1 0 1 1 0 1
98 0 1 1 0 1 1 1 2 0 1
99 0 1 1 3 1 1 1 1 0 1
100 1 2 1 0 0 0 2 1 1 1
101 3 0 0 1 2 0 0 0 0 1
102 1 1 1 1 2 0 1 2 2 2
103 1 0 0 1 0 1 0 1 1 1
104 3 2 0 2 2 2 0 2 1 2
105 0 1 1 1 1 0 1 2 2 0
106 1 0 1 0 1 1 2 2 1 2
107 1 1 1 1 1 0 1 0 1 1
108 1 1 1 0 2 0 2 1 2 0
109 1 2 1 0 1 1 2 1 0 0
110 0 2 0 0 1 1 2 1 2 1
111 0 1 1 1 1 0 1 3 0 4
112 1 0 0 0 2 0 1 0 1 1
113 1 0 1 2 2 1 2 1 1 1
114 0 2 1 2 1 0 1 1 1 1
115 0 1 0 1 0 1 1 1 0 1
116 0 0 2 2 1 1 1 1 0 0
117 1 1 1 2 0 1 3 0 1 0
118 0 1 0 1 0 1 1 0 2 1
119 1 1 2 3 1 1 2 1 0 0
120 0 0 2 0 1 1 1 1 1 2
121 1 1 0 1 0 1 0 1 1 0
122 0 1 1 0 0 1 1 0 2 1
123 1 0 1 1 0 0 2 1 1 2
124 0 1 0 1 0 1 0 0 0 1
125 2 1 0 0 1 0 1 0 1 1
126 2 1 1 1 2 2 0 2 1 0
127 1 1 2 0 1 1 1 0 0 2
128 1 1 0 0 0 1 1 2 1 0
129 2 2 1 1 1 1 1 0 2 2
130 1 1 1 0 1 0 1 1 1 0
131 2 1 1 1 0 2 1 1 1 2
132 1 0 1 1 0 1 0 2 1 0
133 1 1 1 1 0 1 2 1 0 2
134 0 1 3 0 1 2 1 1 1 0
135 0 0 0 1 1 0 1 1 2 0
136 2 2 1 0 1 1 0 0 0 1
137 1 2 1 3 1 2 1 1 1 1
138 0 0 1 2 1 1 2 1 2 1
139 0 1 1 0 1 0 2 1 2 1
140 0 1 1 1 0 1 0 1 1 0
141 3 1 1 1 1 3 1 1 1 2
142 2 0 1 0 0 1 2 1 2 2
143 1 1 0 0 2 0 0 1 1 1
144 1 1 1 0 0 1 1 0 1 1
145 0 3 1 0 0 0 1 0 1 0
146 0 1 1 1 1 2 0 0 1 0
147 2 2 2 0 1 1 0 1 1 0
148 0 1 1 1 1 1 1 1 0 1
149 0 0 1 0 0 1 1 2 1 0
150 1 0 1 1 2 1 1 1 0 0
151 1 1 1 1 2 1 1 1 0 2
152 1 1 1 0 0 1 0 1 2 1
153 0 2 1 1 0 1 2 2 0 1
154 0 0 0 2 0 1 1 1 1 1
155 1 1 1 1 1 2 1 0 0 1
156 0 1 2 0 0 0 0 0 2 1
157 1 0 1 2 1 2 0 0 1 0
158 2 1 1 0 0 1 0 1 1 0
159 0 1 0 0 0 0 1 1 1 0
160 0 0 1 1 2 0 1 0 0 0
161 1 0 1 1 0 0 0 1 0 0
162 0 0 1 2 0 2 1 1 2 0
163 0 0 0 1 1 1 1 0 1 0
164 3 1 1 2 0 1 4 2 0 0
165 2 1 1 0 1 0 2 0 1 0
166 1 1 0 0 1 0 1 1 0 1
167 1 1 0 0 1 3 1 1 2 0
168 0 0 2 2 2 0 1 2 1 2
169 1 0 0 2 1 1 0 0 1 1
170 1 1 1 1 1 0 1 0 2 2
171 1 1 0 2 1 0 2 1 1 0
172 1 2 1 2 2 1 1 1 0 0
173 2 0 1 0 1 0 0 3 0 1
174 1 0 0 1 2 1 1 1 1 1
175 1 2 1 1 1 0 1 1 2 1
176 0 0 1 1 1 1 0 1 0 0
177 2 1 1 0 1 1 1 1 1 1
178 1 0 2 1 1 1 1 0 1 1
179 1 0 1 1 0 1 0 1 1 0
180 1 1 0 0 2 1 1 3 0 0
181 2 1 0 1 1 0 1 0 3 0
182 2 1 3 0 1 1 0 1 0 3
183 1 2 1 0 0 1 0 0 1 1
184 1 0 0 0 0 1 1 0 0 1
185 0 1 1 1 0 1 1 2 1 1
186 0 0 0 0 1 1 0 2 0 1
187 0 0 1 1 1 0 1 2 1 1
188 1 1 3 0 1 1 1 0 1 1
189 1 0 1 2 1 1 1 0 1 1
190 1 1 1 1 0 0 1 1 2 2
191 3 3 0 1 1 1 0 1 1 1
192 1 1 0 1 1 2 1 0 1 1
193 1 0 1 1 1 1 2 1 0 1
194 0 0 1 1 3 1 1 1 1 1
195 0 0 0 0 2 1 1 0 1 0
196 1 1 0 0 1 1 0 1 1 0
197 0 2 0 0 1 1 0 1 1 1
198 0 1 1 2 0 1 0 1 0 0
199 0 1 1 0 0 1 0 1 2 1
200 0 1 1 1 1 0 1 1 1 0
201 2 1 1 0 2 0 0 0 0 2
202 2 0 1 1 0 0 1 1 3 3
203 1 0 1 1 1 1 0 2 2 1
204 2 1 1 1 0 1 1 1 1 0
205 3 1 1 2 1 0 1 1 0 2
206 0 2 1 0 0 0 1 2 1 0
207 1 2 2 0 1 0 1 2 2 0
208 0 2 1 2 0 1 1 0 2 0
209 1 0 1 1 1 0 1 0 1 1
210 3 2 1 1 1 1 1 1 1 0
211 1 0 1 1 0 1 0 2 0 2
212 3 0 1 1 1 0 0 0 2 1
213 1 1 1 1 0 1 1 2 1 1
214 1 1 1 1 1 0 1 1 2 1
215 1 0 1 0 0 1 1 1 0 0
216 1 1 1 0 0 1 3 0 0 1
217 1 1 3 2 0 2 2 0 2 1
218 2 1 1 2 0 1 1 1 1 2
219 1 1 1 1 0 2 1 1 0 1
220 0 1 2 0 0 0 0 1 3 1
221 0 1 0 1 0 2 2 1 1 2
222 2 0 0 2 1 1 1 1 1 0
223 1 1 0 1 1 0 0 1 0 0
224 1 0 1 2 1 0 0 1 1 1
225 1 1 1 1 2 1 0 2 2 2
226 1 1 0 1 0 2 0 1 0 0
227 1 3 2 2 1 2 1 1 1 0
228 1 1 0 0 1 2 2 2 1 0
229 0 1 1 0 1 1 1 2 0 1
230 1 2 1 0 0 0 1 1 0 1
231 1 1 1 1 1 2 1 1 0 0
232 0 0 0 1 0 1 0 1 1 2
233 1 2 1 0 0 1 2 1 2 1
234 1 1 2 1 1 1 1 0 0 1
235 1 1 0 0 1 0 0 0 0 1
236 1 0 1 1 1 0 1 2 0 1
237 2 0 1 3 0 1 1 0 1 1
238 1 0 1 0 0 0 1 2 1 0
239 1 0 0 1 2 2 2 0 0 1
240 0 1 1 2 1 0 1 0 2 1
241 1 1 1 2 1 1 0 1 1 1
242 3 0 3 0 0 1 1 0 1 0
243 1 1 1 0 1 1 0 1 1 2
244 1 2 0 1 1 1 0 1 1 1
245 1 2 0 1 1 1 0 0 2 0
246 1 0 1 1 1 1 1 1 0 1
247 1 1 0 1 2 1 0 0 1 1
248 0 1 0 0 1 1 1 1 1 0
249 1 0 1 1 2 0 2 0 2 1
250 2 2 1 1 1 1 2 2 0 0
251 0 1 0 0 1 1 1 1 1 1
252 0 0 1 2 1 2 0 2 0 1
253 1 2 1 1 0 2 2 0 0 0
254 0 1 0 1 0 2 1 0 0 1
255 1 0 1 0 0 1 0 1 1 0
256 1 1 1 0 1 1 4 2 1 0
257 3 2 1 1 1 1 2 0 1 1
258 1 2 2 0 1 1 1 0 0 1
259 2 1 0 0 1 1 1 1 2 0
260 1 1 1 1 0 0 0 1 2 0
261 3 2 0 2 2 1 1 0 1 1
262 3 1 1 0 0 0 0 0 1 1
263 1 1 2 0 1 0 2 1 0 0
264 1 2 2 1 0 1 0 0 1 0
265 0 1 1 1 1 0 1 1 1 1
266 2 1 1 0 0 1 1 1 2 2
267 0 0 1 1 1 0 0 1 2 1
268 2 0 2 0 1 1 2 1 0 1
269 0 1 2 0 1 1 2 1 0 2
270 0 1 0 1 1 1 0 2 2 2
271 1 1 1 1 0 2 1 0 1 1
272 2 1 1 0 1 2 1 0 1 0
273 0 1 1 1 2 0 2 2 0 2
274 3 1 1 1 1 1 0 2 1 2
275 1 1 1 1 1 3 0 2 0 1
276 1 2 0 1 1 1 1 3 0 0
277 1 0 2 1 0 0 2 2 0 1
278 1 0 0 1 1 0 2 0 2 0
279 1 0 3 2 0 1 3 1 1 0
T2
0 0 0 0 1 1 0 1 0 1 2
1 1 2 1 0 0 1 1 2 0 0
2 1 2 0 0 1 1 0 1 2 1
3 1 0 1 0 2 0 1 1 1 1
4 1 2 1 0 1 0 1 0 1 0
5 2 0 0 1 1 1 1 2 1 2
6 0 1 0 1 1 1 1 2 1 0
7 1 0 1 2 0 1 0 1 2 2
8 0 2 1 1 2 1 1 1 0 1
9 2 0 0 0 1 2 0 0 1 0
10 1 0 2 0 1 1 0 2 0 0
11 0 2 1 1 1 0 0 0 1 1
12 0 0 0 1 2 1 1 0 1 1
13 0 2 1 1 1 0 2 1 2 1
14 1 1 1 1 1 0 1 1 1 1
15 2 2 2 1 0 0 1 0 1 1
16 0 0 1 0 3 0 0 1 1 2
17 1 0 2 1 1 1 0 1 1 2
18 0 0 2 0 0 1 0 1 1 1
19 0 1 1 1 1 2 0 1 2 0
20 0 0 0 0 0 0 0 1 1 0
21 0 1 1 1 2 1 3 0 1 0
22 1 0 0 0 0 1 0 0 2 1
23 1 1 0 0 1 0 0 0 0 1
24 0 1 2 2 2 1 1 0 2 0
25 1 2 1 2 1 1 1 2 0 1
26 1 1 1 1 2 0 1 0 1 0
27 0 1 1 1 3 1 0 2 1 2
28 2 0 0 1 2 1 1 2 1 2
29 0 0 0 1 1 1 0 0 1 0
30 3 1 1 2 0 1 1 1 2 0
31 0 0 0 2 1 0 2 1 1 1
32 1 1 1 0 0 1 0 0 1 2
33 3 1 0 0 2 0 0 1 0 1
34 0 0 2 0 2 2 1 2 0 1
35 0 0 1 1 1 1 1 0 1 1
36 1 1 2 0 1 1 1 0 2 2
37 1 0 0 1 1 1 1 0 1 1
38 0 0 1 1 3 2 1 0 3 0
39 0 0 1 1 0 0 0 0 1 0
40 3 2 2 2 0 0 1 1 2 3
41 1 1 0 1 0 2 1 1 0 1
42 1 1 0 2 1 1 1 1 0 1
43 2 1 1 1 0 1 1 0 1 0
44 1 2 1 1 0 0 1 1 1 2
45 1 0 1 3 1 1 1 2 3 3
46 1 2 0 3 1 0 0 0 1 1
47 2 1 0 0 1 1 1 0 1 1
48 1 1 1 1 1 2 1 0 1 1
49 1 1 2 1 1 1 0 2 1 1
50 1 1 0 1 2 2 0 0 0 1
51 1 0 1 0 1 0 0 2 0 1
52 0 1 0 2 0 1 1 0 1 1
53 1 1 1 0 0 1 1 1 1 1
54 2 1 1 2 1 2 1 1 0 0
55 2 1 0 1 1 1 2 1 0 1
56 3 1 1 0 0 0 0 0 1 1
57 0 1 1 1 0 1 0 1 0 0
58 2 1 0 1 1 0 1 0 0 1
59 1 0 0 0 1 1 0 2 1 1
60 1 2 1 0 2 1 0 2 0 0
61 1 1 0 1 0 0 0 0 1 1
62 0 0 1 0 0 1 1 1 0 2
63 0 0 1 0 0 2 0 0 2 2
64 2 1 0 1 1 1 2 1 1 1
65 2 0 0 0 0 1 0 2 0 0
66 0 0 2 0 1 0 0 1 0 1
67 0 0 0 1 0 0 0 0 1 0
68 0 1 0 0 2 0 2 1 1 1
69 0 0 0 1 1 1 1 0 3 0
70 0 0 1 1 1 1 1 1 1 1
71 2 0 1 0 0 1 0 0 2 1
72 1 1 0 2 1 2 1 0 0 0
73 0 1 1 1 1 0 1 0 0 1
74 1 1 0 0 1 2 0 1 0 1
75 1 1 1 0 1 1 0 2 1 1
76 0 0 1 0 2 1 1 1 1 1
77 3 1 0 1 0 1 2 1 1 1
78 2 1 2 2 2 1 0 1 3 0
79 1 0 1 1 1 0 1 1 1 1
80 1 2 1 0 0 1 0 1 0 3
81 0 0 1 0 0 1 0 1 3 1
82 0 2 0 2 1 1 1 1 1 1
83 0 1 0 2 1 1 0 2 1 2
84 1 0 0 1 1 0 2 1 1 0
85 1 2 2 1 3 2 2 1 0 2
86 0 2 0 1 1 1 0 0 0 1
87 0 1 0 1 2 1 1 0 0 0
88 1 1 1 1 1 2 0 1 0 1
89 0 0 1 1 3 1 2 1 1 1
90 1 3 0 1 0 0 2 2 1 1
91 2 3 0 1 0 1 0 0 3 1
92 0 0 2 0 2 1 0 2 1 1
93 0 3 0 1 0 0 0 0 0 0
94 0 2 2 1 0 2 2 2 1 2
95 2 1 1 1 0 0 1 1 0 1
96 1 1 1 0 0 2 1 0 0 1
97 1 0 1 1 1 1 1 0 0 0
98 1 1 3 2 0 0 1 3 0 0
99 1 1 2 0 0 1 1 0 3 0
100 1 1 1 1 0 1 1 3 1 0
101 1 0 2 0 1 1 2 1 0 2
102 1 1 0 2 0 0 1 1 0 0
103 1 0 1 0 2 0 1 0 1 2
104 0 1 1 0 0 1 1 1 0 2
105 0 1 1 1 1 0 1 1 1 3
106 1 0 2 1 1 1 0 1 2 2
107 2 1 0 3 1 0 1 1 0 0
108 0 0 0 2 1 1 0 1 2 1
109 1 1 1 1 1 0 1 1 2 0
110 1 0 1 0 3 1 1 1 0 1
111 3 1 0 0 1 1 0 1 1 1
112 2 1 1 1 1 2 1 1 0 0
113 0 0 2 2 1 0 0 1 1 0
114 0 1 1 0 1 4 1 2 0 0
115 0 2 1 2 1 1 2 2 0 0
116 0 1 1 1 1 1 1 0 1 1
117 1 1 1 1 2 1 0 1 1 2
118 1 2 0 1 0 2 1 0 0 1
119 0 0 1 0 1 1 1 2 0 1
120 0 0 2 0 0 1 1 1 1 2
121 0 2 1 0 1 0 2 1 0 1
122 2 1 0 2 1 0 1 0 1 1
123 1 0 2 0 1 2 0 0 0 1
124 2 1 1 1 0 0 1 0 1 2
125 0 0 0 2 1 0 0 1 1 0
126 1 1 3 2 2 1 2 2 1 1
127 2 0 0 1 1 0 1 0 0 0
128 1 1 1 1 0 0 1 0 1 3
129 0 0 1 2 0 1 1 1 0 0
130 2 0 0 2 1 1 1 2 0 2
131 1 1 1 1 0 0 0 0 1 0
132 1 0 0 2 1 0 1 1 0 2
133 1 2 2 0 2 0 2 1 0 1
134 1 2 0 2 1 0 1 1 1 2
135 0 2 0 1 0 1 2 0 1 1
136 0 1 0 2 0 1 0 1 0 2
137 0 3 1 1 2 2 0 1 1 3
138 3 1 1 0 1 1 2 0 1 1
139 1 1 0 2 1 1 1 2 1 1
140 0 0 1 0 1 0 1 0 0 1
141 1 1 0 2 0 2 1 0 0 0
142 1 1 2 1 2 0 0 1 1 1
143 0 0 0 0 1 2 0 0 1 1
144 2 1 1 1 2 1 1 1 2 0
145 0 0 1 2 0 1 1 0 0 0
146 2 0 0 0 0 1 1 1 3 0
147 0 1 0 0 1 0 1 1 1 2
148 2 2 3 0 1 0 2 0 2 1
149 3 1 0 0 1 1 0 1 0 1
150 1 0 1 0 2 0 1 1 2 1
151 0 0 0 1 1 0 1 2 0 1
152 0 1 0 0 2 1 0 0 1 1
153 1 2 2 1 0 0 1 0 0 0
154 0 0 0 0 0 0 1 2 0 0
155 0 1 1 1 1 3 0 0 1 0
156 1 2 0 0 2 1 0 0 1 1
157 1 1 1 0 2 1 1 1 0 0
158 0 0 1 1 1 0 2 1 0 1
159 0 2 0 1 0 1 1 1 1 3
160 1 2 1 1 0 2 0 1 1 1
161 1 0 0 1 1 1 0 1 1 1
162 2 1 1 1 1 2 1 1 0 0
163 1 0 0 1 0 0 2 1 1 1
164 1 0 0 2 0 2 1 0 1 0
165 0 2 1 0 1 2 0 1 1 1
166 1 0 2 2 2 1 2 1 0 2
167 0 0 1 1 0 0 1 0 1 0
168 1 0 0 2 0 2 1 2 0 1
169 2 0 0 2 1 1 1 1 0 1
170 1 2 1 1 1 1 1 1 1 0
171 0 2 1 1 2 1 1 0 1 0
172 1 1 0 1 0 0 1 1 1 1
173 0 1 1 1 3 2 1 0 0 0
174 1 1 1 1 2 1 2 1 3 1
175 2 0 1 0 0 2 1 0 1 0
176 0 1 0 0 0 0 1 1 1 2
177 0 0 1 0 1 1 1 0 1 0
178 1 0 0 1 0 2 2 1 1 1
179 2 1 0 1 0 1 0 1 0 0
180 1 1 1 0 1 0 0 1 0 1
181 1 1 0 1 1 0 1 0 1 2
182 1 1 1 1 2 2 1 1 1 2
183 2 1 0 1 1 0 1 1 0 1
184 0 2 0 1 0 1 0 0 1 0
185 1 1 0 1 0 1 2 1 2 1
186 1 0 1 0 2 1 1 1 0 0
187 1 3 0 2 1 2 1 0 1 0
188 1 2 0 1 0 0 0 0 0 2
189 0 0 1 1 1 0 1 1 1 0
190 0 1 2 0 0 1 1 0 1 3
191 1 2 0 0 2 0 0 0 0 0
192 1 0 0 2 1 0 0 1 1 2
193 1 0 0 0 0 1 0 0 0 2
194 1 0 0 0 1 0 2 0 1 0
195 0 1 2 0 0 1 1 2 0 1
196 1 1 0 1 0 1 1 0 0 0
197 0 0 1 1 1 0 0 1 2 1
198 1 0 1 0 0 2 0 2 2 0
199 0 0 1 0 1 3 0 0 1 0
200 1 0 1 2 3 1 1 3 2 0
201 2 1 1 0 1 0 0 1 0 1
202 1 3 1 2 0 1 1 1 1 0
203 0 0 1 0 1 1 0 1 2 0
204 1 1 1 0 0 2 3 1 2 0
205 0 1 1 0 0 2 2 0 1 0
206 2 0 1 0 1 1 2 0 1 3
207 1 1 0 1 0 0 0 0 0 1
208 1 1 1 1 0 1 1 1 1 0
209 1 2 1 1 1 1 0 1 0 1
210 1 1 0 1 1 1 2 0 2 1
211 0 2 0 1 1 1 1 0 0 1
212 0 1 0 1 2 1 1 2 0 0
213 1 2 0 1 1 1 2 2 0 2
214 2 2 0 0 2 0 1 1 2 0
215 1 3 1 1 1 0 1 2 2 0
216 0 2 1 1 1 1 0 2 1 0
217 1 0 1 0 0 3 0 1 1 1
218 0 0 2 1 2 0 0 1 1 1
219 1 1 0 0 1 1 0 1 1 2
220 2 1 1 2 0 2 0 1 2 1
221 1 0 2 1 2 2 1 1 0 1
222 0 0 1 1 1 2 1 0 0 1
223 1 1 0 0 0 0 0 1 0 1
224 1 0 0 0 0 3 2 1 2 0
225 0 0 1 0 2 1 1 1 1 1
226 0 1 1 0 0 0 0 1 2 1
227 0 0 3 1 3 0 1 2 1 2
228 1 1 1 2 2 1 1 1 1 1
229 0 0 0 2 1 1 1 0 1 0
230 0 1 1 1 0 1 0 1 2 1
231 1 0 0 1 0 2 1 2 1 1
232 2 0 1 1 1 1 0 1 1 1
233 2 0 3 1 0 0 1 0 1 0
234 0 0 2 0 1 1 1 1 1 0
235 1 0 1 0 0 2 1 3 0 2
236 0 1 2 0 0 2 0 0 1 0
237 0 1 0 0 1 0 0 1 1 0
238 2 0 2 0 1 1 0 1 0 3
239 0 0 1 1 1 1 2 0 1 1
240 2 2 0 2 1 0 0 2 0 1
241 1 1 0 1 2 0 2 1 0 2
242 1 0 1 1 0 0 2 2 1 1
243 0 1 1 1 2 1 2 0 1 1
244 2 1 0 1 1 0 0 3 0 2
245 2 1 1 1 0 2 1 1 0 1
246 0 0 1 0 1 2 1 1 0 1
247 0 1 2 1 0 1 1 1 0 2
248 2 0 1 1 3 1 1 2 0 1
249 0 1 1 0 0 2 0 0 1 1
250 0 0 1 1 1 1 1 2 2 1
251 1 1 0 2 1 0 2 0 0 0
252 2 0 1 1 0 1 1 2 1 1
253 2 1 0 1 1 0 1 1 2 0
254 1 1 1 0 1 1 1 1 1 1
255 1 2 1 1 0 1 2 2 2 1
256 1 3 0 1 0 1 1 1 0 0
257 2 0 2 1 0 1 0 1 1 1
258 2 1 1 0 0 1 2 0 1 2
259 2 1 1 1 1 0 1 1 2 0
260 1 2 1 1 2 1 1 1 1 1
261 1 1 1 0 0 0 1 1 1 2
262 1 0 0 1 2 0 2 1 0 1
263 0 1 1 1 0 1 2 1 1 1
264 1 0 2 1 0 0 3 1 0 0
265 0 0 1 2 1 1 1 0 1 0
266 0 0 1 0 0 1 1 1 1 0
267 1 0 0 1 0 0 0 0 1 1
268 1 1 0 1 1 2 1 1 1 2
269 0 2 1 2 2 1 1 1 0 0
270 1 1 1 1 0 0 1 1 1 0
271 1 0 2 3 0 0 1 1 1 0
272 1 0 0 2 0 1 2 2 1 1
273 1 0 2 1 0 2 0 1 1 0
274 1 1 0 2 0 1 1 1 1 1
275 2 1 1 1 0 2 1 0 2 1
276 1 1 3 0 1 2 0 2 1 0
277 0 1 1 1 1 1 0 1 0 1
278 1 0 1 1 1 1 3 0 1 0
279 1 1 1 0 1 0 0 1 1 1
T3
0 2 2 1 1 2 0 1 3 0 1
1 2 2 0 1 0 1 0 0 1 1
2 2 1 1 1 2 1 0 1 2 0
3 1 0 0 0 3 1 0 2 1 0
4 1 0 1 1 1 1 1 1 0 2
5 1 0 1 1 1 1 1 1 1 1
6 2 0 0 1 2 1 2 0 1 1
7 1 0 1 2 0 0 2 1 0 0
8 0 0 2 1 0 2 0 2 0 1
9 1 0 0 0 1 1 0 1 0 1
10 1 0 1 0 0 0 0 0 1 0
11 2 1 1 1 0 1 0 0 0 0
12 0 1 0 0 1 1 0 1 1 0
13 0 1 3 1 1 1 1 2 0 1
14 1 2 1 1 2 1 1 0 1 0
15 0 1 1 1 0 0 1 0 1 1
16 1 2 1 0 0 3 1 0 0 1
17 0 2 1 0 0 0 1 2 1 3
18 1 1 1 2 0 2 1 1 1 2
19 0 1 1 2 1 0 2 0 2 0
20 3 2 0 0 1 0 2 0 1 0
21 1 2 0 1 0 1 1 0 1 1
22 1 0 1 0 0 2 0 1 1 1
23 0 0 1 1 2 3 1 1 1 0
24 0 0 2 0 1 0 1 0 1 0
25 0 1 1 0 2 1 2 2 1 0
26 2 1 1 1 0 2 1 1 2 0
27 1 1 2 1 0 1 1 0 0 1
28 0 0 1 1 1 0 2 1 1 1
29 1 0 1 1 0 2 2 0 0 1
30 0 1 0 1 1 1 1 0 0 1
31 1 0 0 2 0 1 2 1 1 1
32 2 1 0 0 1 1 0 1 1 0
33 1 1 2 2 1 1 0 1 1 0
34 0 1 0 1 0 2 0 1 1 1
35 0 0 2 3 1 1 0 1 1 1
36 0 1 0 1 2 1 2 1 1 1
37 3 1 3 0 1 1 0 1 1 1
38 0 0 0 1 0 1 1 0 0 1
39 0 1 0 1 0 1 1 1 0 1
40 1 1 1 0 2 1 0 2 1 0
41 0 0 1 2 0 0 0 0 1 3
42 1 2 1 0 1 1 0 0 2 0
43 0 0 1 1 1 0 0 0 2 1
44 1 0 1 1 2 2 1 0 0 0
45 0 0 1 0 0 1 2 0 1 2
46 0 1 0 0 1 1 1 0 1 1
47 0 1 0 1 1 1 0 1 3 0
48 1 1 0 0 2 1 0 0 1 2
49 0 2 1 1 3 0 0 1 0 1
50 0 1 1 1 0 1 2 1 1 0
51 0 1 0 0 1 1 3 1 1 0
52 1 1 1 1 0 0 1 0 0 1
53 1 1 0 1 0 0 2 1 1 1
54 0 1 1 1 0 1 0 0 1 1
55 0 1 0 1 2 1 2 2 1 1
56 2 1 1 1 0 0 1 0 1 1
57 1 1 2 0 3 1 1 2 2 1
58 1 1 3 1 0 0 1 0 0 0
59 1 1 0 0 1 1 0 1 2 1
60 2 0 1 1 0 1 1 2 0 3
61 0 1 0 1 1 2 1 0 1 2
62 1 1 0 0 0 0 1 0 1 1
63 0 0 1 1 0 1 2 1 1 0
64 1 1 1 0 1 1 0 0 1 2
65 2 0 1 1 1 1 1 0 0 1
66 1 2 0 2 0 0 1 1 1 0
67 1 0 1 1 2 1 0 2 0 1
68 1 2 1 1 1 1 3 1 0 0
69 1 2 1 1 1 1 0 1 0 1
70 0 1 0 0 0 1 1 1 0 2
71 1 1 2 1 1 1 0 3 0 0
72 0 0 0 0 0 1 1 1 0 2
73 1 1 1 1 1 0 0 0 0 0
74 0 1 0 0 1 1 0 2 0 1
75 1 1 1 1 2 0 2 0 0 2
76 1 2 1 2 2 0 1 1 1 0
77 2 0 1 0 0 0 0 1 1 1
78 1 0 1 1 0 2 1 0 0 0
79 2 1 2 0 1 1 1 1 1 1
80 1 0 0 0 1 1 1 1 1 0
81 1 1 1 1 1 1 1 0 1 0
82 1 1 2 2 0 1 1 0 1 0
83 0 0 1 2 1 1 1 0 0 0
84 1 0 1 0 0 0 0 0 1 1
85 0 1 2 0 1 3 1 0 0 0
86 0 0 0 0 2 1 1 0 1 0
87 1 1 1 1 1 1 1 1 1 1
88 2 0 1 0 0 0 1 1 2 0
89 0 2 0 1 1 0 1 1 3 1
90 0 0 1 0 2 0 2 1 1 1
91 1 0 1 1 1 1 1 2 0 1
92 2 1 0 0 1 0 1 1 0 1
93 0 0 1 0 1 1 0 0 2 1
94 1 2 1 1 2 1 0 2 0 2
95 3 2 1 0 0 1 3 1 1 2
96 1 1 2 1 1 1 0 1 0 1
97 0 2 1 2 2 1 1 1 1 0
98 1 0 1 0 0 2 1 1 1 1
99 1 1 0 2 2 1 1 2 1 0
100 0 1 1 0 1 1 0 1 0 2
101 0 0 2 1 2 0 0 0 3 1
102 0 0 0 1 1 2 1 2 1 1
103 1 2 1 1 2 0 0 1 1 0
104 1 1 2 1 0 1 1 1 1 1
105 3 1 0 0 2 0 1 1 0 2
106 1 1 0 1 2 0 1 0 1 0
107 1 1 0 1 1 1 1 1 0 2
108 3 1 1 2 1 1 0 1 0 2
109 1 1 1 2 2 1 1 0 1 0
110 0 3 0 1 1 1 1 1 1 2
111 1 1 1 2 0 1 1 1 1 1
112 2 1 0 0 1 1 0 1 1 1
113 1 0 0 0 1 1 2 0 1 1
114 0 0 0 0 0 0 0 2 1 0
115 1 1 2 0 1 1 1 0 1 0
116 0 2 1 2 1 1 1 0 1 0
117 1 1 2 0 0 0 0 1 1 1
118 2 2 2 1 4 1 1 1 1 0
119 0 1 0 2 1 0 0 1 1 3
120 1 2 1 2 3 1 0 2 1 1
121 2 1 1 1 1 0 2 1 0 1
122 1 2 1 0 2 0 1 0 0 1
123 2 1 0 1 0 1 1 0 2 0
124 0 2 2 1 0 0 1 0 0 1
125 1 0 0 3 0 2 1 1 0 1
126 1 1 1 0 3 1 0 1 1 1
127 0 0 0 1 2 0 2 0 1 0
128 1 0 0 2 0 1 1 0 0 0
129 0 0 1 0 0 2 2 1 2 1
130 1 2 2 0 2 0 1 2 1 0
131 1 0 1 1 1 1 2 0 0 1
132 0 1 2 0 1 3 0 0 2 0
133 1 0 1 2 2 1 0 2 1 0
134 0 1 1 2 1 0 0 0 2 1
135 1 1 0 1 1 2 2 2 1 0
136 0 1 0 1 2 2 1 1 0 2
137 0 1 0 2 1 0 2 0 1 1
138 0 0 1 0 1 0 0 2 2 1
139 0 2 0 1 3 1 1 0 0 2
140 1 1 1 0 1 1 2 1 1 3
141 0 0 0 1 1 2 0 0 2 1
142 1 0 0 1 1 1 2 1 1 0
143 0 0 0 0 1 0 2 1 2 1
144 1 0 2 1 1 2 1 2 1 1
145 0 1 0 1 1 0 0 0 0 1
146 2 1 1 1 0 0 2 0 2 0
147 3 0 0 2 1 1 3 0 1 0
148 0 2 1 2 0 0 0 2 1 0
149 1 1 0 1 1 1 0 1 1 0
150 2 0 1 0 0 1 0 1 0 0
151 2 0 1 1 0 1 0 0 1 1
152 2 1 2 1 0 1 2 0 1 1
153 2 1 2 1 2 2 0 0 1 1
154 2 2 1 1 2 0 0 0 1 1
155 0 2 0 1 2 0 0 1 2 1
156 2 0 1 1 1 2 2 0 1 1
157 0 2 1 1 0 1 1 1 1 1
158 1 1 1 1 0 0 0 1 2 2
159 2 2 1 1 1 1 1 2 1 1
160 1 0 0 0 1 1 0 1 2 2
161 2 1 0 3 0 1 2 1 1 1
162 1 1 1 2 2 2 1 1 0 3
163 1 0 0 0 0 1 1 1 0 1
164 1 1 0 0 0 0 2 1 1 2
165 1 0 0 1 1 1 1 0 1 2
166 1 3 0 0 2 1 2 1 2 1
167 0 1 0 0 1 2 2 1 2 0
168 2 0 1 0 1 0 0 0 2 2
169 1 1 1 2 0 2 1 1 1 1
170 2 2 0 1 1 0 0 0 2 0
171 0 0 0 1 0 0 0 1 1 1
172 2 1 3 1 1 3 0 0 0 0
173 1 1 1 1 3 0 0 1 1 0
174 0 0 1 1 0 2 2 1 1 0
175 0 0 2 1 1 1 1 1 1 1
176 1 1 1 0 1 0 1 3 0 0
177 1 1 0 0 0 0 1 1 0 1
178 1 1 1 1 1 1 1 0 1 2
179 0 0 1 2 2 1 0 0 0 1
180 1 2 3 1 1 1 2 1 2 2
181 1 2 0 1 1 0 0 1 2 0
182 2 1 0 0 1 1 1 1 1 1
183 1 2 0 1 0 0 0 1 0 1
184 2 1 0 1 1 2 0 1 0 0
185 1 1 1 1 2 0 0 2 2 0
186 0 2 0 1 1 0 0 1 0 0
187 1 1 1 0 1 2 1 2 1 1
188 3 1 1 0 0 0 2 0 2 4
189 0 3 3 1 1 2 2 0 0 1
190 2 1 2 1 0 2 1 0 1 0
191 1 1 1 2 1 0 2 1 2 1
192 0 0 1 1 0 2 1 1 1 1
193 2 0 1 1 2 0 0 1 1 1
194 1 1 1 2 0 0 0 1 0 1
195 0 0 1 2 1 0 1 1 1 1
196 0 1 0 0 2 0 0 0 0 1
197 0 0 1 1 0 0 1 0 1 1
198 0 0 2 2 0 1 0 1 1 1
199 1 1 1 2 0 0 0 2 0 0
200 0 1 1 0 1 2 1 2 0 1
201 1 1 1 3 1 1 0 0 2 1
202 0 3 0 1 0 0 1 0 2 1
203 2 0 1 0 1 1 1 2 0 0
204 0 1 1 2 1 1 1 0 0 1
205 1 0 0 0 1 0 1 2 1 1
206 2 1 0 0 0 1 0 0 1 0
207 1 1 1 0 2 1 2 0 2 4
208 1 1 0 0 0 0 3 2 2 1
209 0 0 0 1 1 0 1 1 1 1
210 1 1 2 1 0 0 1 1 1 0
211 1 1 1 0 1 2 0 1 1 4
212 2 0 1 3 1 1 0 0 1 1
213 1 3 0 2 0 0 1 0 0 1
214 1 0 1 2 2 1 2 0 1 2
215 2 2 1 1 1 1 2 0 2 1
216 1 0 1 3 1 0 0 0 1 0
217 1 1 1 1 0 1 0 0 2 1
218 0 1 1 1 1 2 1 1 0 2
219 1 3 0 2 2 1 2 0 1 1
220 1 1 2 1 1 2 0 1 1 0
221 4 1 2 1 2 0 1 2 2 1
222 0 1 1 0 0 1 1 2 0 0
223 0 1 0 1 0 1 0 2 0 1
224 1 1 2 1 2 1 1 2 1 0
225 0 0 2 1 1 1 0 0 0 2
226 1 1 1 0 0 0 1 1 0 1
227 1 1 0 1 2 0 2 1 2 1
228 1 2 1 0 1 0 2 0 0 2
229 1 0 0 1 1 1 0 0 2 0
230 0 0 2 1 1 0 1 1 0 1
231 0 0 1 1 0 1 0 2 1 2
232 0 0 0 1 0 1 0 1 0 0
233 0 1 0 1 1 0 1 1 1 1
234 1 1 1 2 1 3 1 1 2 1
235 1 1 0 2 1 0 0 1 1 2
236 1 2 1 1 0 0 1 1 2 1
237 1 1 1 0 0 0 0 1 0 1
238 2 1 2 1 1 1 1 1 0 2
239 1 0 0 1 2 0 1 2 1 0
240 1 0 1 2 1 1 2 1 1 2
241 1 2 1 1 1 1 1 2 1 2
242 0 1 0 2 1 1 1 1 1 0
243 1 1 0 0 3 0 0 0 1 1
244 2 1 0 0 0 1 0 0 1 1
245 0 1 2 0 1 1 0 1 1 1
246 1 2 2 1 1 0 1 2 1 1
247 1 0 1 2 1 0 1 2 0 1
248 2 1 2 2 1 1 0 0 0 2
249 0 1 0 0 1 1 1 1 1 1
250 0 0 1 1 2 1 0 0 0 1
251 1 1 0 1 0 3 1 3 0 0
252 1 1 0 1 0 1 1 1 1 0
253 0 0 1 2 1 0 1 2 1 1
254 0 2 1 1 2 1 2 1 1 0
255 0 1 0 2 2 0 0 1 1 1
256 0 1 1 1 3 0 2 1 1 2
257 0 1 0 1 1 1 2 0 1 2
258 2 1 1 1 0 1 0 1 1 2
259 1 1 1 0 1 0 2 2 0 1
260 1 1 0 0 1 0 0 2 1 2
261 1 1 0 1 0 3 1 1 1 0
262 0 0 1 1 0 0 0 1 1 1
263 1 2 1 0 0 0 2 2 0 0
264 1 1 1 1 1 1 2 2 3 1
265 1 2 0 1 0 1 0 3 0 0
266 3 0 0 1 1 2 2 1 1 0
267 0 1 0 2 1 1 1 1 2 2
268 0 1 0 2 2 2 2 1 0 1
269 2 1 1 2 2 1 0 1 0 2
270 1 2 0 0 2 0 1 1 4 1
271 0 1 1 2 0 1 1 3 1 1
272 0 0 1 1 1 1 1 0 1 1
273 1 0 0 1 1 0 0 1 1 1
274 1 0 0 1 2 1 1 2 2 2
275 3 1 2 0 2 1 2 0 2 2
276 1 0 2 1 2 0 0 0 2 2
277 0 1 1 0 1 1 1 0 1 0
278 1 1 2 0 2 1 2 2 1 0
279 1 2 0 1 1 1 2 1 0 1
T4
0 2 2 0 2 1 1 2 1 1 0
1 1 1 1 0 1 1 1 1 0 0
2 3 0 0 1 0 1 2 0 0 1
3 1 1 1 1 1 1 1 1 1 0
4 0 0 0 2 1 2 2 0 2 0
5 0 0 1 1 0 2 2 0 1 1
6 2 0 1 0 0 2 1 1 0 0
7 2 1 1 1 2 0 2 1 2 2
8 0 1 2 2 1 1 0 1 3 0
9 0 0 2 1 0 1 0 3 0 1
10 0 0 2 1 0 1 0 1 1 1
11 1 0 1 1 2 1 1 1 0 0
12 2 2 1 0 1 1 1 0 0 3
13 1 1 3 2 0 1 2 1 1 2
14 0 1 0 1 0 2 0 0 1 1
15 2 2 1 2 1 1 1 1 1 1
16 2 1 1 1 0 1 0 1 2 2
17 1 1 1 1 0 1 1 1 0 2
18 3 0 2 1 1 0 2 1 0 0
19 1 0 1 0 2 2 1 1 1 0
20 0 1 0 0 1 0 1 2 0 1
21 0 1 1 0 1 0 0 1 0 1
22 0 0 1 1 0 1 0 1 0 1
23 1 0 1 0 0 1 0 1 1 0
24 1 0 1 1 1 2 0 0 2 1
25 0 0 3 2 0 0 1 0 0 1
26 0 1 1 1 2 0 1 2 1 0
27 0 1 0 1 2 2 1 1 0 0
28 1 1 0 1 1 0 0 0 2 1
29 1 2 2 1 1 0 1 2 0 1
30 1 0 0 1 0 0 0 1 0 1
31 1 1 1 1 0 1 1 2 1 0
32 0 1 2 0 2 1 1 0 2 0
33 2 1 0 1 1 1 0 2 1 1
34 1 1 1 0 1 1 0 2 0 0
35 0 0 1 2 0 0 2 1 0 0
36 1 1 1 1 0 0 1 1 2 0
37 1 0 0 1 1 1 1 1 0 2
38 0 1 1 1 0 1 1 1 0 2
39 0 1 1 1 3 2 3 2 0 2
40 1 1 1 1 2 0 1 0 1 0
41 1 1 1 1 0 2 1 1 1 1
42 0 2 1 0 1 2 1 0 0 1
43 1 2 0 2 2 2 1 1 2 2
44 3 2 1 0 1 0 0 1 1 0
45 0 0 2 1 2 1 2 1 1 1
46 1 1 1 1 0 2 1 2 0 0
47 0 1 0 2 1 1 2 0 1 2
48 1 1 0 1 2 2 2 1 0 1
49 3 1 2 0 1 1 0 1 0 2
50 1 1 1 1 0 1 2 2 0 1
51 1 1 1 0 0 1 0 0 1 0
52 1 1 1 0 2 1 2 2 1 0
53 1 2 1 1 1 1 1 1 2 1
54 2 0 1 1 0 1 1 1 1 1
55 1 0 1 1 0 0 1 2 0 1
56 0 0 1 0 2 1 1 1 1 1
57 1 1 1 1 2 2 2 1 1 0
58 1 0 1 2 0 0 1 1 1 2
59 1 1 0 1 1 1 2 2 0 2
60 1 0 1 1 2 1 0 1 1 1
61 0 1 2 2 0 1 1 1 0 0
62 0 1 1 0 2 1 1 0 0 0
63 2 1 1 1 0 2 1 2 1 1
64 1 0 1 0 2 2 1 1 1 1
65 0 0 0 2 1 0 1 1 0 0
66 0 0 1 1 1 1 2 0 1 2
67 2 1 2 0 0 3 0 4 1 3
68 1 1 1 0 0 2 1 1 0 0
69 0 1 1 0 1 0 2 1 0 1
70 1 3 1 0 1 0 2 1 0 1
71 2 1 0 0 2 1 1 0 2 0
72 1 0 1 1 2 2 0 1 0 0
73 1 0 1 0 1 1 1 0 0 1
74 1 1 1 1 0 0 1 0 2 2
75 0 2 0 1 0 0 1 1 1 1
76 0 0 0 1 0 2 1 1 1 1
77 1 0 1 0 1 1 1 4 1 2
78 1 0 0 2 1 2 1 1 1 0
79 2 0 0 0 1 1 2 1 1 0
80 1 0 2 1 1 1 3 0 1 2
81 1 0 0 1 0 2 1 0 0 1
82 1 0 0 3 0 2 1 2 0 0
83 2 2 0 1 1 2 1 0 1 1
84 0 1 1 2 2 0 1 0 1 2
85 2 1 0 1 1 0 1 0 1 0
86 1 1 2 0 1 2 1 1 1 0
87 0 1 1 1 0 1 0 0 1 1
88 0 2 1 1 3 0 0 1 1 1
89 1 0 2 0 0 2 0 1 0 1
90 1 0 2 1 0 1 1 0 1 0
91 2 0 1 1 1 2 1 4 0 1
92 0 1 0 0 1 0 2 0 0 0
93 1 2 1 0 0 0 1 1 1 2
94 1 1 1 1 1 1 2 1 1 2
95 1 2 0 0 3 1 1 1 1 0
96 1 0 2 0 0 0 0 0 1 0
97 1 1 2 1 1 1 1 0 1 2
98 2 1 1 2 0 0 1 1 1 1
99 1 1 2 1 2 0 1 1 1 0
100 0 1 3 0 0 1 1 0 0 1
101 1 1 3 1 1 0 0 0 2 1
102 0 1 1 1 0 2 1 2 1 1
103 0 2 1 0 0 1 0 1 0 1
104 1 1 0 1 0 1 1 0 0 2
105 1 1 1 1 1 0 0 1 1 3
106 1 1 0 2 0 1 1 1 1 2
107 0 1 0 2 1 1 0 1 0 0
108 1 0 4 1 0 2 1 2 0 2
109 1 1 0 1 1 2 1 0 0 3
110 1 1 1 1 1 1 0 0 1 0
111 1 0 1 1 1 1 1 0 1 1
112 1 0 3 0 2 0 1 1 1 0
113 1 1 1 1 0 2 0 1 1 1
114 2 2 1 0 1 0 2 1 1 0
115 1 1 1 1 0 0 1 0 1 0
116 2 0 1 2 3 2 1 0 1 1
117 1 1 0 1 2 0 1 1 1 0
118 1 0 1 1 0 1 0 0 0 0
119 2 1 3 1 1 1 2 2 1 0
120 0 1 2 2 1 0 1 1 0 2
121 1 0 0 1 0 0 2 1 1 0
122 1 0 1 1 2 0 0 1 1 0
123 2 2 0 1 0 1 0 0 1 0
124 1 2 1 0 1 2 0 0 2 1
125 0 2 1 0 0 1 0 1 1 0
126 1 2 2 1 1 1 1 0 2 1
127 1 1 0 0 2 1 1 1 1 1
128 1 0 0 2 1 0 2 0 1 0
129 2 1 1 1 0 2 1 1 1 0
130 0 1 1 0 1 1 1 0 1 3
131 2 0 1 1 2 0 0 1 0 1
132 1 1 2 1 1 1 0 1 1 1
133 1 1 0 2 1 1 0 1 1 2
134 2 2 1 0 1 2 0 1 1 0
135 1 1 0 1 1 0 1 0 0 1
136 0 1 3 1 2 1 0 1 1 1
137 3 1 0 0 2 0 0 0 1 0
138 3 0 1 1 1 0 1 1 1 1
139 0 0 1 1 1 1 2 1 3 0
140 2 1 0 0 0 2 0 1 0 0
141 1 0 0 0 1 0 0 2 1 1
142 2 1 0 2 1 0 0 0 2 0
143 0 1 1 0 2 2 0 2 0 0
144 0 0 0 1 2 2 2 1 0 0
145 1 2 1 0 2 1 1 0 1 1
146 0 1 1 1 0 0 3 1 1 0
147 0 2 2 0 1 2 2 1 0 1
148 2 0 2 1 1 1 0 0 1 0
149 0 2 1 0 1 0 1 1 2 1
150 0 0 2 0 1 1 0 0 1 0
151 1 0 1 1 0 1 1 0 1 2
152 0 0 1 3 1 1 1 1 0 3
153 1 1 1 1 2 2 0 0 0 0
154 2 0 1 1 1 1 0 1 0 2
155 2 0 0 2 2 0 1 1 2 2
156 0 0 2 0 0 0 1 1 0 0
157 1 1 0 0 1 1 1 1 1 3
158 0 0 1 2 0 0 0 2 1 2
159 0 1 2 1 0 1 0 1 1 1
160 1 0 2 1 1 1 1 1 0 1
161 2 1 1 1 1 2 1 0 1 0
162 0 0 1 2 0 2 2 2 0 0
163 1 1 3 0 2 0 1 1 1 3
164 0 0 1 1 1 2 1 1 1 1
165 1 2 2 1 0 1 1 2 1 2
166 0 1 1 0 3 0 1 0 1 0
167 1 2 0 0 2 0 2 1 2 1
168 1 1 1 1 0 0 0 1 0 1
169 2 1 1 1 2 0 1 2 4 2
170 1 0 1 0 2 0 1 0 2 0
171 2 0 2 2 0 0 0 2 0 1
172 2 0 2 2 1 0 1 2 0 1
173 0 0 0 1 1 0 2 0 0 1
174 2 0 0 1 0 3 0 1 1 2
175 0 0 0 1 1 2 1 2 0 0
176 1 1 2 2 0 0 3 0 2 2
177 2 1 1 1 1 1 1 1 1 1
178 0 0 1 0 2 0 0 1 0 1
179 0 1 1 2 0 0 1 0 1 2
180 2 2 2 0 1 2 2 1 1 0
181 1 0 0 0 2 2 0 0 1 1
182 1 1 0 1 0 1 1 2 0 1
183 0 1 1 3 0 0 0 0 0 0
184 1 2 2 1 1 1 1 0 1 2
185 0 0 0 1 2 1 0 0 1 1
186 0 4 0 1 2 1 0 0 2 1
187 1 1 0 0 1 1 2 2 2 1
188 0 1 0 1 2 1 1 1 1 0
189 1 0 0 0 2 1 1 0 0 0
190 1 1 1 0 1 0 2 0 1 2
191 1 0 0 1 1 0 1 2 1 0
192 1 1 1 2 0 1 2 0 0 1
193 0 0 1 1 1 0 1 0 1 1
194 0 1 1 1 2 1 2 0 1 1
195 0 1 0 0 1 0 1 2 2 0
196 0 2 1 0 0 1 0 0 0 2
197 0 0 0 1 1 2 0 1 0 2
198 1 3 1 1 1 2 2 1 0 1
199 0 1 1 2 1 0 1 0 4 1
200 1 0 0 1 1 1 0 1 1 1
201 0 1 2 1 1 0 0 0 0 1
202 1 0 1 1 1 1 0 0 0 0
203 0 1 0 1 1 1 1 1 2 1
204 0 1 0 0 1 0 1 0 0 0
205 1 1 3 1 0 0 0 1 1 0
206 0 0 2 1 1 0 0 0 1 0
207 2 1 0 0 0 2 1 2 2 1
208 2 1 2 0 0 2 0 2 2 1
209 1 2 0 0 1 2 0 2 1 1
210 1 1 0 0 2 2 3 1 2 0
211 2 0 1 0 0 1 0 1 0 0
212 0 1 1 0 1 1 0 0 1 1
213 1 1 1 0 1 1 0 0 1 1
214 3 1 1 1 1 1 0 0 1 1
215 1 2 1 1 1 2 1 1 1 1
216 1 1 2 1 0 1 0 2 1 1
217 1 0 2 1 3 1 0 0 0 1
218 0 0 0 0 2 1 2 0 1 1
219 1 1 0 1 0 1 0 1 1 1
220 1 1 0 1 1 0 0 1 1 0
221 1 2 1 1 1 2 2 0 0 2
222 1 0 1 1 1 1 1 2 0 0
223 0 2 0 2 1 0 0 2 0 0
224 0 1 1 0 0 0 1 0 1 0
225 0 0 1 0 1 0 0 1 1 2
226 0 1 1 1 0 2 1 1 0 1
227 2 0 1 0 1 0 1 2 1 0
228 2 1 2 2 1 0 1 0 0 1
229 2 0 0 1 0 1 0 0 1 2
230 0 2 0 0 1 2 1 1 0 1
231 1 1 1 2 0 2 0 2 2 0
232 0 1 1 1 1 0 3 1 0 1
233 1 2 1 1 0 2 2 0 1 3
234 0 1 2 1 1 1 0 1 0 1
235 0 1 1 0 1 0 1 1 2 1
236 1 2 0 2 1 1 2 1 1 2
237 0 0 2 0 1 0 1 3 1 1
238 1 1 2 2 1 1 1 0 1 3
239 1 1 2 2 1 1 1 1 2 2
240 0 0 0 2 1 2 1 0 1 1
241 0 0 1 1 2 2 1 1 0 2
242 1 0 1 2 1 2 1 2 1 1
243 2 1 2 1 0 2 1 0 1 0
244 0 1 0 1 0 0 1 0 0 1
245 1 2 1 1 1 1 1 3 0 1
246 1 1 1 1 1 1 0 1 1 0
247 1 2 1 1 0 0 1 1 1 3
248 1 0 0 1 2 0 1 0 2 0
249 1 1 0 1 1 0 1 0 0 1
250 0 0 0 2 1 0 3 1 2 1
251 1 0 0 0 1 1 1 0 2 0
252 1 2 0 1 0 2 1 0 0 1
253 2 1 0 0 0 2 1 1 1 1
254 1 2 2 0 1 1 0 1 1 0
255 2 0 2 1 2 1 0 1 1 2
256 0 2 0 1 2 0 1 1 1 0
257 1 2 2 0 1 1 1 0 1 2
258 1 0 1 1 1 0 1 1 0 1
259 0 1 0 1 0 0 2 1 0 0
260 1 1 1 2 0 1 1 0 1 0
261 2 1 2 1 1 0 1 1 1 0
262 1 0 1 2 2 1 0 1 1 0
263 2 1 0 1 2 2 1 2 0 1
264 0 1 1 1 1 1 0 1 0 1
265 0 0 0 1 2 2 0 0 0 2
266 1 0 3 1 1 1 1 1 1 2
267 1 0 2 1 0 2 1 2 1 0
268 0 2 2 1 1 1 2 1 2 1
269 2 1 3 0 0 1 1 1 0 0
270 1 1 0 1 2 1 0 1 1 0
271 0 0 1 0 2 0 0 1 1 0
272 0 1 0 2 1 0 1 2 2 0
273 3 1 2 0 1 0 1 0 1 1
274 0 1 1 0 1 0 1 3 1 1
275 0 1 1 0 3 0 0 0 0 1
276 0 1 0 1 1 0 1 0 1 1
277 1 1 1 1 0 0 2 1 1 0
278 0 1 1 1 1 2 1 2 0 1
279 0 1 1 1 1 0 1 0 0 0
T5
0 0 0 0 2 1 0 0 1 1 1
1 1 1 2 1 1 1 1 1 0 2
2 2 1 0 0 0 1 0 1 1 1
3 0 1 1 1 3 0 0 0 0 2
4 2 0 0 1 0 2 1 0 1 1
5 2 1 2 2 1 1 1 1 1 0
6 1 0 2 0 2 0 1 0 0 0
7 2 1 0 1 0 0 0 1 1 1
8 1 2 1 0 0 2 1 0 0 0
9 1 2 1 1 0 0 1 1 1 1
10 2 1 2 3 0 1 0 0 0 0
11 1 0 3 1 1 0 2 1 0 1
12 1 0 1 1 2 0 0 0 0 1
13 0 1 1 0 0 1 0 0 1 1
14 1 0 0 0 1 1 0 2 1 2
15 1 1 1 2 0 2 2 0 1 0
16 0 2 0 1 1 1 0 2 1 2
17 1 0 2 1 2 1 1 0 1 2
18 0 0 0 1 1 2 1 0 1 1
19 1 1 1 0 0 2 0 0 0 1
20 1 1 0 1 2 1 2 1 0 1
21 1 2 2 1 1 2 1 1 1 1
22 0 1 1 2 0 2 1 0 1 1
23 1 0 0 1 1 1 2 0 2 1
24 1 1 1 1 0 1 1 2 0 1
25 0 2 0 2 0 1 1 1 2 0
26 1 1 2 0 0 2 0 1 1 0
27 0 2 2 1 1 1 3 0 0 2
28 1 1 1 0 1 1 1 0 1 2
29 2 1 1 0 2 0 2 0 0 1
30 2 0 0 1 1 2 1 1 1 0
31 1 1 1 1 1 1 0 0 0 4
32 0 1 0 1 2 2 1 1 2 1
33 1 0 2 0 2 1 1 1 1 1
34 1 1 1 0 1 1 1 0 1 1
35 0 0 1 1 2 1 2 1 2 1
36 0 2 1 0 0 1 0 0 1 1
37 0 0 1 1 0 1 2 1 1 0
38 1 0 2 2 0 0 1 0 0 1
39 0 0 0 0 2 1 1 2 1 1
40 1 0 0 0 1 2 0 2 1 1
41 1 1 0 2 3 1 0 2 2 1
42 0 1 0 0 0 1 1 1 1 2
43 1 1 2 2 1 1 2 1 1 2
44 1 0 1 0 1 3 1 0 1 1
45 1 0 1 1 0 0 1 0 0 1
46 0 0 1 1 0 2 0 1 0 1
47 1 1 1 0 1 1 0 0 1 1
48 2 1 1 1 0 1 0 1 1 1
49 1 0 2 2 1 1 2 0 1 3
50 1 2 0 0 0 1 0 0 0 1
51 0 0 2 1 1 1 2 0 2 0
52 1 1 0 1 1 0 1 0 0 1
53 1 0 0 1 0 0 1 0 1 2
54 2 0 0 0 1 1 2 1 2 1
55 1 0 0 2 2 0 1 0 1 1
56 0 1 1 1 1 0 2 1 0 0
57 1 2 1 1 0 1 1 1 2 1
58 0 0 1 0 0 1 1 1 1 2
59 0 1 0 0 0 0 2 1 2 2
60 0 1 1 3 0 0 1 2 1 1
61 3 1 1 2 0 1 1 0 0 0
62 1 0 1 1 2 2 1 1 0 1
63 2 1 1 0 0 1 2 2 1 1
64 1 2 1 1 0 0 0 0 0 1
65 2 1 1 0 0 0 2 1 1 0
66 1 1 1 2 2 2 0 0 0 0
67 1 0 0 1 1 0 0 0 1 1
68 1 1 1 3 0 1 2 0 3 0
69 1 0 1 0 1 1 1 1 4 2
70 0 0 2 2 1 2 0 1 0 1
71 0 1 2 1 1 1 1 0 1 0
72 1 1 1 1 1 0 0 2 0 2
73 1 1 0 2 1 1 1 1 2 1
74 1 1 0 0 2 0 2 2 0 1
75 1 1 3 0 1 1 0 2 1 1
76 1 1 1 0 0 2 0 1 0 0
77 0 1 2 1 1 2 0 0 1 0
78 3 0 1 1 2 1 0 0 1 2
79 0 0 1 0 1 0 1 1 0 1
80 1 1 1 1 1 1 2 0 1 0
81 1 0 2 0 1 1 2 3 1 0
82 1 1 1 0 0 1 1 0 2 1
83 1 1 1 0 0 2 1 1 0 1
84 2 1 0 2 1 1 1 1 1 1
85 1 1 1 2 0 1 0 1 0 1
86 1 0 1 2 2 0 1 1 3 0
87 1 1 0 2 1 3 2 2 0 1
88 2 1 1 1 0 1 0 0 1 1
89 2 0 1 1 1 0 1 1 1 1
90 1 1 0 1 1 0 2 0 1 1
91 1 1 1 0 1 1 1 1 0 0
92 1 1 1 0 0 1 0 0 1 0
93 0 0 3 0 1 1 2 1 3 1
94 1 1 1 1 0 0 1 1 0 1
95 1 3 0 1 1 0 1 1 1 2
96 1 0 1 0 1 0 0 0 0 1
97 1 1 0 1 1 2 0 1 0 2
98 1 0 1 2 1 1 1 1 2 1
99 1 1 0 2 0 2 1 0 1 1
100 3 2 1 0 1 1 1 0 1 0
101 1 0 0 0 0 0 0 2 1 1
102 1 1 1 1 1 2 1 1 1 1
103 2 0 1 1 1 1 1 2 0 0
104 3 1 0 0 1 1 3 1 1 0
105 1 0 1 0 0 1 0 1 0 1
106 0 3 1 1 1 1 1 0 2 0
107 1 0 1 1 0 1 1 2 0 1
108 1 1 1 0 1 1 2 0 1 0
109 1 0 0 1 2 1 1 0 0 0
110 2 1 1 2 1 1 1 0 1 1
111 1 0 1 1 0 0 1 1 1 1
112 1 2 2 1 0 1 1 3 1 0
113 0 1 0 0 0 1 1 1 1 1
114 2 1 0 1 0 1 2 1 1 0
115 2 0 2 1 2 1 2 1 1 1
116 0 1 4 1 1 3 1 0 0 1
117 1 0 1 2 0 2 1 1 1 1
118 1 1 2 2 2 1 2 1 1 2
119 0 1 1 1 2 0 2 1 0 1
120 0 1 0 1 0 0 1 2 1 2
121 1 0 0 1 1 2 1 1 1 2
122 0 2 0 1 0 0 0 1 1 1
123 1 1 0 0 1 0 0 1 1 1
124 1 0 2 0 0 0 1 1 1 0
125 1 1 2 0 0 1 1 1 0 0
126 2 0 1 1 0 1 2 1 0 1
127 1 0 0 1 0 2 2 2 1 1
128 2 0 2 0 0 1 1 1 1 1
129 0 1 1 0 0 1 2 0 1 2
130 2 1 1 0 1 0 2 1 0 1
131 2 2 1 1 1 1 0 1 1 1
132 1 2 1 2 0 3 4 1 2 1
133 1 1 1 1 1 0 1 0 2 2
134 0 1 0 0 0 1 0 0 1 2
135 1 0 1 1 1 1 1 2 1 2
136 1 1 1 1 2 3 0 1 1 2
137 1 1 0 3 0 0 0 2 1 1
138 0 1 1 1 1 3 1 1 1 3
139 1 0 1 1 0 1 1 0 2 1
140 1 1 2 2 1 0 1 1 1 1
141 0 0 2 0 1 0 0 1 0 0
142 1 1 1 3 2 1 1 0 1 3
143 2 1 1 1 0 0 1 0 1 1
144 1 0 3 1 2 0 0 0 0 1
145 0 1 0 1 2 1 0 0 1 2
146 1 2 1 1 1 0 0 0 1 1
147 2 1 1 0 1 1 1 3 0 1
148 0 0 1 2 1 2 1 1 1 0
149 1 1 1 1 1 1 1 0 1 0
150 0 1 0 1 1 2 1 1 1 0
151 0 1 1 1 1 0 1 0 1 0
152 1 1 0 1 3 1 1 1 1 1
153 1 0 1 1 0 0 1 2 0 0
154 0 0 0 1 0 0 0 0 3 1
155 0 1 2 0 1 0 0 1 1 0
156 2 1 2 0 0 1 3 1 1 1
157 0 1 0 1 0 0 1 1 3 0
158 2 2 1 1 0 2 2 1 0 1
159 0 0 1 1 0 0 1 2 0 0
160 1 1 0 1 0 1 0 1 0 3
161 1 0 0 0 1 2 1 0 0 0
162 1 0 0 1 3 1 0 0 1 1
163 0 1 0 1 1 0 0 1 0 2
164 1 0 0 0 1 1 1 0 1 2
165 0 0 0 1 1 1 0 0 0 2
166 0 2 0 1 2 1 2 1 2 0
167 1 0 1 1 1 1 1 1 0 1
168 1 0 0 1 2 2 1 1 0 1
169 2 1 0 2 0 2 0 2 2 0
170 1 1 1 1 1 1 2 1 0 1
171 1 0 0 0 1 0 1 1 0 1
172 1 3 1 1 1 1 2 1 2 1
173 0 1 1 2 0 1 1 0 1 2
174 0 1 1 0 2 0 1 0 1 1
175 0 1 0 0 0 0 2 1 1 0
176 1 2 1 3 1 0 1 1 1 1
177 0 1 0 0 2 3 0 1 0 2
178 1 1 0 2 1 1 1 1 2 2
179 1 2 0 1 1 0 1 2 2 1
180 0 1 1 1 1 1 1 1 2 0
181 0 1 1 0 1 0 1 0 1 1
182 1 2 1 1 1 1 0 1 1 0
183 2 1 2 1 0 0 0 2 1 0
184 0 0 1 2 1 2 0 1 0 2
185 1 0 1 0 0 1 1 0 2 0
186 0 0 0 1 2 2 0 1 0 2
187 0 1 1 0 1 1 2 1 0 2
188 1 0 2 1 1 0 2 1 2 1
189 1 0 1 3 0 1 1 1 1 1
190 2 2 1 1 1 0 0 0 0 1
191 2 0 1 2 0 0 1 0 1 1
192 1 2 1 0 0 0 1 0 1 2
193 0 0 0 1 0 2 1 1 1 0
194 1 1 1 0 0 2 1 1 0 1
195 0 0 0 0 1 1 1 2 0 2
196 0 1 1 1 1 1 1 1 1 1
197 0 2 1 1 1 2 0 1 0 0
198 0 1 1 1 1 0 1 2 0 1
199 2 1 2 1 1 0 0 1 1 1
200 2 1 0 0 0 1 1 1 2 1
201 0 3 0 2 2 0 1 0 2 1
202 0 1 1 0 2 2 2 0 1 0
203 0 1 1 1 0 1 1 1 0 1
204 2 0 1 0 1 1 0 1 1 0
205 1 0 0 2 1 0 1 0 1 1
206 1 1 1 0 1 0 1 1 1 0
207 1 2 0 2 0 1 1 0 1 0
208 1 1 1 0 0 1 2 0 1 3
209 0 1 1 1 3 0 1 2 2 1
210 3 2 0 2 2 1 1 1 1 1
211 1 1 1 0 0 0 0 1 1 0
212 1 0 0 2 1 0 1 2 1 1
213 1 1 0 1 1 1 1 1 1 0
214 1 2 0 0 0 1 2 2 1 0
215 1 1 1 2 2 1 1 1 1 1
216 1 0 3 0 1 1 0 0 1 0
217 1 1 0 1 1 0 1 0 0 0
218 1 1 2 1 0 2 1 1 0 0
219 3 0 2 1 1 3 0 1 0 1
220 1 2 2 1 3 1 1 2 0 0
221 0 1 1 0 2 1 1 1 1 0
222 1 1 1 1 2 1 0 1 1 1
223 1 1 0 0 0 1 1 1 0 1
224 2 2 1 1 0 2 0 0 0 1
225 1 1 1 1 0 1 2 1 1 1
226 1 0 0 1 0 2 2 1 1 0
227 1 1 2 2 0 0 2 0 1 1
228 2 2 0 0 1 1 1 1 1 0
229 0 1 0 1 0 0 1 0 0 1
230 1 0 1 2 3 0 2 0 1 2
231 2 1 0 2 1 1 1 0 1 0
232 2 0 1 0 1 1 1 1 1 1
233 0 1 1 1 1 2 1 1 0 0
234 0 0 1 2 1 1 2 0 2 0
235 1 1 1 1 2 0 2 3 2 1
236 1 1 0 0 1 0 1 2 1 0
237 0 1 2 0 0 0 0 0 0 0
238 1 1 1 2 1 1 1 2 1 1
239 1 1 0 1 0 0 1 1 2 2
240 1 1 0 1 1 0 1 1 2 1
241 0 0 0 1 0 1 0 2 0 1
242 2 1 0 1 1 0 2 1 0 0
243 1 0 1 2 2 0 0 2 0 1
244 0 0 0 1 1 2 2 1 1 1
245 1 1 0 2 2 1 1 1 1 0
246 0 0 0 1 2 2 1 2 1 0
247 1 0 1 1 1 1 1 2 2 2
248 1 1 1 1 2 0 1 0 1 0
249 0 0 1 2 0 1 1 3 0 2
250 1 0 2 1 1 0 2 3 1 0
251 0 0 0 0 2 0 0 0 2 0
252 1 0 1 1 0 1 1 1 0 0
253 1 2 1 0 0 0 1 1 0 0
254 1 1 0 0 1 1 0 0 1 1
255 1 1 0 1 1 1 0 1 1 1
256 1 0 1 1 1 1 1 1 2 1
257 1 0 1 1 0 2 1 2 1 1
258 0 1 1 0 1 0 1 0 0 2
259 1 0 0 2 1 1 1 1 2 2
260 1 2 3 1 0 0 0 1 1 0
261 1 1 2 0 1 0 0 1 1 0
262 0 1 1 1 2 0 1 1 2 0
263 2 0 1 0 1 1 1 1 0 0
264 3 0 0 0 2 0 1 0 1 1
265 1 0 1 1 0 2 1 1 0 2
266 1 0 0 0 0 2 1 0 1 0
267 0 1 1 0 1 1 0 0 0 0
268 0 1 0 0 0 2 1 1 1 0
269 1 2 1 1 1 0 1 2 3 0
270 1 0 2 3 0 0 1 2 2 1
271 1 1 0 1 1 1 0 1 2 1
272 0 0 1 1 0 0 1 1 1 1
273 0 1 1 3 1 2 2 1 1 1
274 2 1 1 1 1 2 0 2 0 1
275 2 1 1 3 0 1 1 1 1 2
276 0 1 0 0 0 0 1 0 1 1
277 1 2 2 1 1 0 2 1 0 1
278 2 0 1 1 1 1 1 1 0 0
279 1 1 0 1 0 1 0 1 0 0
T6
0 0 1 2 0 1 2 0 0 1 0
1 2 0 0 0 0 0 1 1 2 0
2 0 2 1 1 0 1 2 2 0 2
3 0 1 2 0 1 2 1 1 1 1
4 2 2 0 3 1 1 2 1 0 0
5 0 1 1 0 2 2 0 1 1 0
6 0 1 0 0 2 1 1 0 1 1
7 2 0 1 1 0 1 0 1 1 1
8 0 0 0 3 0 1 0 1 0 0
9 2 1 0 1 1 1 1 1 1 1
10 1 1 2 1 0 0 1 0 1 0
11 2 1 2 1 1 0 1 1 1 2
12 0 1 1 0 2 2 1 1 2 0
13 1 0 1 1 3 0 1 1 0 0
14 1 1 2 0 1 1 0 1 0 2
15 0 1 0 0 2 0 1 1 0 0
16 0 1 1 2 0 2 1 0 1 2
17 1 2 2 1 1 2 2 1 1 2
18 1 1 1 2 1 0 1 1 1 0
19 1 0 2 2 1 1 1 0 0 1
20 0 0 2 1 1 1 1 1 1 1
21 0 1 1 2 0 0 0 0 1 1
22 0 1 0 0 0 1 2 0 2 1
23 0 1 1 0 2 3 0 1 0 0
24 0 0 4 2 2 1 0 1 0 0
25 0 1 1 3 0 0 0 0 0 1
26 0 1 0 1 1 0 3 1 2 0
27 1 1 3 1 0 2 2 1 1 3
28 1 0 0 1 1 0 0 0 1 1
29 1 1 2 2 2 2 0 1 0 2
30 1 1 0 2 0 1 1 1 0 0
31 1 1 2 0 1 2 0 2 1 1
32 1 0 1 1 0 2 2 0 1 1
33 1 1 0 1 0 0 2 1 2 1
34 0 1 0 1 0 0 2 1 0 0
35 2 2 0 0 0 0 0 2 1 1
36 0 1 1 1 1 0 1 1 1 1
37 0 1 2 1 0 1 0 1 1 0
38 1 0 0 1 1 1 1 1 0 1
39 0 0 2 1 2 2 0 1 1 0
40 1 0 1 1 1 0 1 1 1 0
41 3 2 2 2 1 0 1 0 0 2
42 2 1 1 0 5 0 0 1 1 1
43 1 1 1 1 0 1 0 0 1 1
44 0 1 3 1 2 1 0 1 0 3
45 0 0 0 0 1 0 1 1 2 1
46 1 1 0 1 2 1 3 1 2 2
47 1 1 1 1 0 2 0 1 1 0
48 1 1 1 1 1 1 0 3 0 1
49 0 0 0 0 1 0 0 2 0 1
50 0 0 1 0 1 0 0 1 2 1
51 1 1 1 0 0 3 0 1 1 0
52 3 1 1 1 1 0 0 0 2 0
53 1 1 1 0 1 1 1 2 1 0
54 0 1 0 1 2 0 1 0 2 1
55 1 0 1 2 1 1 0 0 1 0
56 1 0 0 1 1 0 1 0 0 0
57 1 1 1 2 1 2 0 1 1 1
58 1 2 0 0 0 0 1 0 1 2
59 1 0 0 0 1 1 2 3 1 1
60 1 2 1 1 0 0 2 3 2 1
61 0 1 1 1 1 0 2 1 1 2
62 2 1 0 0 2 1 0 1 0 0
63 0 1 4 2 0 1 0 1 0 2
64 2 1 1 3 0 0 0 0 1 0
65 0 1 1 0 1 1 1 0 0 1
66 0 1 0 2 1 1 0 0 0 1
67 0 1 1 2 0 1 1 1 2 1
68 1 0 1 1 1 2 1 0 0 1
69 1 1 1 1 1 0 1 1 0 0
70 1 1 0 0 0 2 0 0 0 1
71 1 0 0 1 2 2 0 3 1 1
72 1 2 1 1 1 0 0 1 1 1
73 1 1 0 2 1 0 1 1 1 1
74 1 1 1 1 1 2 2 1 0 0
75 0 1 1 0 0 1 1 3 0 1
76 1 1 1 1 1 2 0 0 2 3
77 2 2 0 0 1 0 0 0 1 0
78 0 1 0 1 1 0 1 1 1 0
79 2 0 1 1 1 0 2 0 1 0
80 2 1 0 1 1 1 2 2 3 1
81 1 0 0 0 0 0 2 1 2 2
82 1 1 1 1 0 0 1 0 1 2
83 1 0 0 1 1 1 0 0 2 0
84 0 2 1 0 0 0 1 1 1 2
85 2 1 0 0 1 1 0 2 1 2
86 0 1 1 1 1 0 0 0 0 1
87 2 0 0 0 1 1 0 2 2 0
88 1 1 1 1 1 1 1 0 2 0
89 3 2 2 1 1 1 4 1 1 2
90 0 2 0 0 2 1 2 0 2 1
91 0 0 0 1 1 0 0 2 2 2
92 0 0 1 2 1 1 2 2 1 3
93 1 1 1 1 1 0 1 1 0 0
94 1 2 1 0 2 0 0 1 1 1
95 1 1 0 1 1 1 1 0 1 1
96 1 1 0 2 2 1 1 2 1 0
97 1 1 0 1 1 2 0 2 0 1
98 0 0 1 1 1 0 1 1 0 1
99 1 0 1 1 0 1 2 0 0 1
100 1 2 1 0 2 0 2 1 0 2
101 1 0 1 0 1 1 2 0 0 1
102 0 1 1 2 0 1 0 1 0 0
103 2 0 1 1 2 1 0 1 1 2
104 1 1 0 0 2 0 0 1 0 0
105 0 0 1 1 0 1 1 1 1 1
106 0 0 2 1 1 1 1 0 0 0
107 1 1 0 1 2 1 1 1 1 1
108 1 1 1 1 1 0 1 0 0 0
109 1 1 0 1 1 2 1 1 0 0
110 1 2 1 1 0 1 1 1 0 1
111 2 1 2 1 1 1 1 0 2 1
112 3 0 0 0 0 1 1 0 2 0
113 1 1 2 1 1 1 0 2 2 1
114 1 1 1 1 1 2 1 0 2 1
115 1 0 1 1 1 1 1 1 1 1
116 2 0 1 0 1 1 2 1 0 0
117 1 1 0 1 0 3 1 1 2 1
118 0 1 0 0 1 1 0 0 1 1
119 2 1 1 2 1 1 1 0 0 2
120 0 2 1 1 0 1 1 2 2 2
121 2 1 1 2 2 0 1 1 2 4
122 1 1 1 0 1 2 1 2 3 0
123 1 0 0 0 0 1 1 0 1 1
124 0 1 0 1 0 1 1 1 2 0
125 1 1 0 1 3 2 1 2 0 1
126 2 1 2 1 1 2 0 0 0 1
127 1 0 1 1 2 1 1 1 1 0
128 0 2 0 0 0 2 2 0 2 2
129 2 2 0 1 1 2 1 0 0 1
130 1 1 1 1 1 1 1 1 1 1
131 0 1 1 1 0 1 1 1 2 1
132 1 2 1 2 1 1 1 2 1 1
133 2 1 2 0 0 1 2 0 1 0
134 1 1 0 1 0 1 1 1 0 1
135 1 1 0 0 0 1 0 1 1 2
136 1 2 0 1 2 1 1 1 0 1
137 0 0 2 1 0 0 2 1 2 2
138 0 1 0 1 0 0 1 1 1 0
139 2 1 1 3 2 0 1 0 0 1
140 2 1 0 2 1 1 0 0 1 0
141 1 1 0 1 0 3 1 1 2 1
142 1 1 1 0 0 1 0 0 1 1
143 1 0 2 2 0 1 1 0 2 1
144 0 2 0 0 1 2 0 1 0 1
145 2 3 0 1 0 0 0 0 1 2
146 1 0 1 1 0 2 0 0 2 0
147 0 1 1 0 1 0 2 2 1 1
148 1 0 1 1 1 1 0 1 0 1
149 0 1 2 1 2 1 1 1 1 1
150 0 1 0 0 0 1 0 0 0 1
151 2 1 0 2 2 3 1 0 2 0
152 1 0 2 1 1 0 1 1 2 1
153 2 0 0 0 1 0 1 0 0 0
154 0 0 0 2 2 0 0 1 1 2
155 1 0 0 1 0 2 1 1 1 2
156 1 1 2 1 1 2 1 0 1 0
157 0 0 0 0 1 0 0 1 3 0
158 1 1 3 1 0 0 1 0 0 2
159 2 2 0 1 0 0 2 1 0 1
160 1 0 1 1 1 2 0 0 2 2
161 1 0 0 1 0 1 2 0 2 1
162 1 1 1 1 1 1 1 1 2 3
163 0 0 0 1 1 1 1 0 1 2
164 0 0 0 1 2 3 0 1 0 1
165 2 2 1 2 1 1 0 1 1 0
166 1 0 1 0 0 1 0 1 3 1
167 2 0 1 0 1 0 0 3 1 0
168 0 0 2 0 0 0 1 0 0 1
169 1 0 3 2 1 1 0 0 0 0
170 2 0 1 1 1 2 1 1 1 1
171 2 1 0 0 0 0 0 2 1 1
172 1 1 1 2 2 2 1 0 0 1
173 1 1 0 0 1 2 1 1 0 1
174 1 2 1 1 0 0 0 0 1 0
175 1 1 1 1 0 1 1 2 0 0
176 1 1 0 2 2 1 1 1 1 1
177 1 0 2 0 0 1 1 1 0 0
178 2 1 0 1 2 1 1 1 0 1
179 2 1 1 0 1 1 1 1 0 2
180 0 1 0 1 0 2 1 0 0 0
181 0 0 1 2 1 1 1 1 1 0
182 0 2 1 0 1 1 0 1 1 1
183 1 1 0 1 1 0 3 1 1 1
184 0 2 0 1 0 1 1 0 2 0
185 0 1 1 1 0 1 3 0 0 0
186 0 1 1 1 0 1 1 2 1 1
187 2 1 0 0 1 2 1 2 2 1
188 0 0 0 2 1 1 2 1 0 0
189 0 1 1 1 0 1 1 0 1 0
190 1 0 2 0 0 2 0 0 2 1
191 1 0 1 2 1 0 1 1 1 2
192 2 0 0 0 1 0 1 0 0 1
193 1 1 0 0 0 1 1 1 1 2
194 0 1 1 1 0 1 1 0 2 0
195 0 1 1 2 0 1 0 3 1 0
196 1 1 0 1 1 2 3 0 1 1
197 1 2 1 0 1 0 3 0 0 1
198 1 1 0 0 1 1 1 2 1 0
199 1 2 2 1 1 1 1 1 0 3
200 0 0 1 1 2 1 0 1 1 2
201 0 1 1 1 0 1 2 1 2 0
202 1 1 1 0 1 1 1 1 2 1
203 2 1 0 2 1 0 1 1 0 1
204 1 1 1 1 0 0 0 3 1 0
205 1 0 1 0 0 0 1 1 1 3
206 1 1 1 1 0 1 1 1 0 2
207 0 0 1 1 1 1 1 2 1 1
208 0 1 1 1 1 1 0 2 1 1
209 0 1 3 0 0 1 1 2 1 0
210 1 0 1 1 0 0 2 0 0 1
211 1 0 0 1 0 1 2 0 0 0
212 2 0 0 0 1 0 1 1 0 0
213 0 1 1 2 1 1 1 0 0 0
214 2 1 1 0 0 0 2 3 0 0
215 1 0 2 1 2 1 1 0 1 0
216 0 0 1 0 1 0 1 1 2 0
217 0 0 1 0 2 2 2 0 1 1
218 1 0 0 1 1 1 1 1 0 0
219 1 1 0 1 1 0 0 0 2 0
220 3 0 0 1 1 1 1 1 1 2
221 1 2 2 0 0 1 1 1 0 0
222 2 0 1 0 0 0 2 0 1 0
223 0 2 1 0 1 0 1 0 1 2
224 1 0 2 3 1 2 2 1 2 2
225 1 1 0 0 2 1 1 2 1 2
226 1 0 0 0 1 0 1 0 0 1
227 2 0 1 1 1 1 0 0 0 1
228 0 0 1 1 1 1 1 0 1 1
229 2 1 0 0 1 2 1 1 0 2
230 0 1 0 1 0 1 1 1 2 2
231 1 1 1 0 0 0 2 2 2 1
232 2 0 1 1 1 1 2 1 1 1
233 2 0 2 0 1 0 0 1 0 0
234 2 1 0 0 1 0 1 0 1 1
235 0 0 2 2 2 0 2 2 1 1
236 1 1 2 0 1 0 1 2 1 1
237 0 0 1 0 1 0 0 1 0 1
238 1 1 1 2 0 1 0 2 0 1
239 1 2 1 1 2 1 1 1 2 2
240 1 1 2 1 1 2 0 2 1 0
241 1 0 3 2 1 1 0 2 0 1
242 3 1 1 0 0 0 0 0 0 1
243 1 0 0 2 0 1 1 3 0 0
244 1 1 1 1 0 2 0 0 1 1
245 0 1 2 0 0 2 2 1 1 4
246 1 0 1 2 0 1 1 0 1 1
247 1 1 0 0 2 0 1 0 0 0
248 0 2 1 1 1 3 1 0 2 1
249 0 0 1 1 2 1 0 2 1 2
250 1 1 1 1 2 1 0 1 1 1
251 1 1 1 1 0 1 1 2 1 1
252 1 0 0 1 1 0 1 2 1 1
253 1 0 1 1 0 1 1 0 1 0
254 2 1 2 2 1 1 0 1 1 2
255 0 0 0 1 2 0 1 1 0 1
256 1 1 1 0 3 1 3 2 1 0
257 0 1 1 0 0 3 2 1 1 0
258 1 1 1 2 2 1 2 0 1 1
259 1 1 2 1 0 2 1 2 1 3
260 0 0 1 1 3 4 0 3 0 1
261 0 2 1 1 0 1 1 0 1 0
262 1 0 0 1 1 1 2 1 0 0
263 1 3 2 1 2 3 1 1 0 1
264 1 1 0 2 1 1 1 1 1 2
265 1 1 0 0 1 0 1 0 2 0
266 1 1 1 2 2 1 1 0 0 1
267 0 1 1 0 2 1 1 0 1 2
268 2 1 2 0 1 1 1 3 0 2
269 1 0 2 1 1 2 1 2 1 1
270 2 2 0 1 1 1 0 0 1 3
271 2 0 2 2 0 0 0 1 2 2
272 0 0 1 1 1 1 1 1 0 0
273 1 1 1 1 1 0 1 0 0 1
274 0 0 0 1 0 0 0 1 1 1
275 0 1 2 0 0 1 0 3 1 2
276 1 0 2 2 1 0 0 1 2 0
277 0 0 1 1 1 1 0 1 0 1
278 1 2 1 0 1 0 1 3 1 2
279 1 0 3 2 1 0 1 1 1 0
T7
0 1 1 0 0 1 1 2 0 2 0
1 1 1 2 1 1 3 0 2 0 0
2 1 0 0 0 0 1 0 1 0 1
3 0 1 1 1 1 1 2 2 1 1
4 1 1 1 0 1 0 0 1 1 0
5 0 0 1 1 2 1 1 2 0 0
6 2 1 1 1 1 1 0 1 3 1
7 0 1 1 2 2 0 0 1 3 1
8 0 1 0 1 0 1 1 0 1 2
9 0 1 0 2 1 0 1 2 2 1
10 1 0 2 2 3 2 0 1 1 1
11 2 1 1 0 3 0 0 0 0 1
12 1 1 1 1 0 2 1 0 0 2
13 0 0 0 1 1 0 0 1 0 1
14 2 0 0 2 0 0 1 1 1 1
15 2 2 2 0 1 1 2 0 1 1
16 0 1 0 1 1 1 1 1 0 2
17 2 1 2 1 1 1 0 1 0 0
18 1 0 0 0 1 2 1 2 0 2
19 2 1 0 1 1 1 1 3 1 1
20 2 0 3 1 0 2 1 1 1 1
21 1 2 1 0 2 1 1 0 1 0
22 2 1 2 1 1 1 0 0 0 0
23 1 1 1 1 1 2 4 0 1 1
24 0 0 0 0 2 0 1 1 1 1
25 0 1 1 1 2 1 1 1 1 1
26 1 1 2 1 1 2 2 1 0 0
27 1 2 1 0 0 1 0 2 0 1
28 0 0 1 1 2 1 1 1 3 1
29 0 0 1 1 2 2 0 1 0 1
30 1 1 1 1 0 0 3 2 1 1
31 2 1 0 1 1 2 0 0 0 1
32 1 1 0 1 0 2 1 2 0 1
33 0 2 1 3 0 0 1 2 2 1
34 1 2 1 1 1 3 0 1 1 0
35 2 1 2 1 1 0 1 1 1 2
36 0 0 0 0 2 1 1 1 0 1
37 3 0 1 1 1 1 0 1 0 0
38 2 1 0 1 1 1 0 3 0 0
39 0 1 0 1 1 0 2 1 0 3
40 0 1 0 1 1 0 2 0 1 1
41 1 2 1 1 1 1 1 0 1 1
42 3 2 2 1 1 0 1 0 1 0
43 1 1 2 2 1 1 0 2 1 1
44 1 1 1 1 1 2 1 2 1 2
45 1 0 0 0 2 0 0 2 2 0
46 0 1 1 1 2 0 2 1 0 1
47 0 2 0 1 0 1 0 1 0 2
48 2 0 1 2 1 2 1 0 2 0
49 1 2 2 0 2 1 1 2 1 1
50 1 1 1 0 0 2 2 0 1 1
51 0 2 0 1 1 1 0 3 1 1
52 0 2 2 0 1 2 1 1 1 2
53 1 1 1 1 0 0 1 1 0 1
54 0 1 1 0 2 1 1 2 1 0
55 1 0 1 0 1 3 1 0 1 1
56 0 0 0 1 0 2 0 1 2 1
57 0 3 0 0 1 0 0 0 1 0
58 2 1 1 0 1 0 0 1 0 1
59 0 0 0 3 0 0 2 1 2 2
60 0 1 1 2 2 0 0 2 1 0
61 1 2 0 0 0 1 2 1 3 1
62 0 0 2 1 2 0 1 1 0 0
63 1 1 1 0 0 1 2 2 1 0
64 0 0 2 1 1 2 1 1 0 1
65 1 0 2 1 0 2 0 1 2 1
66 1 1 2 2 1 1 1 1 1 1
67 0 1 3 1 0 2 0 1 1 1
68 1 0 0 0 1 1 2 2 0 1
69 1 0 0 0 1 1 0 0 0 0
70 0 1 0 1 0 1 1 1 2 0
71 3 0 1 0 1 0 1 1 0 0
72 1 1 1 0 3 1 1 2 1 0
73 0 1 1 1 1 2 0 2 0 1
74 1 2 1 0 0 1 1 1 1 0
75 0 2 1 1 0 2 0 0 0 1
76 1 0 1 1 0 1 2 1 1 0
77 1 0 0 0 2 1 1 0 1 1
78 2 1 1 1 0 1 1 2 2 2
79 1 1 0 1 2 2 1 0 1 0
80 1 1 1 0 2 0 0 0 1 1
81 1 2 2 1 1 1 0 0 0 1
82 1 2 1 0 2 1 2 1 3 0
83 0 2 0 0 0 2 1 1 1 0
84 1 2 1 1 0 1 2 0 1 0
85 0 1 0 0 1 1 2 2 1 0
86 1 0 1 2 1 0 0 1 1 2
87 1 1 2 1 1 1 1 1 1 0
88 0 1 1 1 1 1 1 1 1 2
89 0 0 0 2 3 2 0 1 1 0
90 2 1 1 0 1 0 1 0 1 1
91 0 1 1 0 1 1 0 1 1 2
92 1 0 0 1 0 1 0 2 2 0
93 1 1 1 2 1 2 0 1 2 1
94 1 1 1 2 1 1 0 1 1 0
95 1 2 2 1 1 0 0 1 2 1
96 2 2 1 1 1 2 1 0 3 0
97 2 1 0 1 2 1 0 2 0 1
98 0 0 1 1 0 1 0 0 1 0
99 1 1 1 1 1 0 0 0 2 1
100 1 1 1 2 0 0 2 0 0 1
101 1 1 1 0 1 1 0 1 3 0
102 1 0 1 0 2 0 1 0 1 1
103 2 1 0 0 1 0 1 2 0 1
104 4 1 0 0 0 2 2 2 2 0
105 0 0 2 0 2 0 1 1 0 0
106 0 0 1 0 1 2 2 3 0 0
107 0 2 1 2 1 2 2 0 2 1
108 0 0 0 1 2 0 1 1 0 1
109 0 2 2 0 1 0 2 2 0 0
110 1 0 1 0 1 0 1 1 1 2
111 2 1 1 1 1 0 2 3 0 0
112 0 1 1 1 2 2 1 1 1 1
113 1 1 2 0 0 0 1 2 2 0
114 1 1 1 0 2 0 1 0 1 0
115 2 1 2 2 1 0 1 0 1 1
116 1 1 0 0 2 0 0 0 1 1
117 0 2 1 1 2 3 0 1 1 0
118 1 0 1 0 1 0 1 2 2 0
119 1 2 1 1 3 1 0 0 1 0
120 1 0 1 1 1 0 0 0 1 1
121 0 1 1 3 0 1 1 2 1 1
122 2 0 0 0 2 1 0 0 1 1
123 1 2 0 1 2 1 1 2 0 2
124 0 1 1 2 2 1 3 1 1 1
125 1 0 0 1 1 0 1 2 2 0
126 1 1 1 1 0 2 1 1 1 0
127 0 1 1 1 2 0 1 1 0 1
128 0 0 0 0 2 0 1 0 0 0
129 0 1 0 0 1 2 1 0 2 0
130 0 0 1 1 0 0 2 2 1 1
131 0 2 1 0 2 2 1 0 1 1
132 2 1 1 1 0 1 1 1 2 1
133 1 1 2 2 1 0 1 1 0 1
134 2 1 0 2 1 1 1 1 0 1
135 1 0 2 1 2 0 1 2 0 1
136 1 0 1 0 1 1 2 0 1 1
137 3 0 1 1 2 0 0 0 1 1
138 0 1 0 0 1 2 0 1 1 1
139 1 1 0 1 2 1 2 1 1 1
140 0 1 0 1 0 2 1 1 2 2
141 0 1 0 2 1 1 0 1 1 1
142 2 1 1 1 1 0 1 1 2 1
143 1 1 1 0 1 1 1 2 0 0
144 0 0 0 0 1 1 1 1 0 0
145 1 2 1 1 1 0 1 2 1 1
146 1 1 1 0 2 1 0 1 2 0
147 1 0 2 1 0 2 1 1 1 0
148 0 1 1 1 1 0 2 0 1 2
149 0 1 1 0 0 1 1 0 0 1
150 1 1 0 1 1 1 2 0 1 1
151 0 0 3 1 1 1 1 3 1 0
152 2 0 0 2 1 1 2 1 2 1
153 0 1 0 1 0 0 1 0 1 0
154 1 1 2 0 2 0 3 2 1 0
155 2 1 1 0 0 1 1 0 0 1
156 0 1 0 2 0 1 1 1 0 1
157 0 0 1 1 2 1 0 0 0 0
158 1 1 0 1 0 0 0 0 0 2
159 0 2 1 0 0 0 1 0 1 1
160 2 1 1 1 1 0 0 0 0 1
161 0 1 0 0 2 1 1 1 0 1
162 1 0 1 1 0 1 1 0 1 1
163 2 1 1 1 1 1 1 1 2 1
164 1 3 1 1 0 0 0 0 0 0
165 1 0 0 2 2 2 0 0 2 1
166 0 0 0 1 3 1 1 0 0 2
167 1 0 0 0 2 3 0 0 3 0
168 1 0 1 1 1 0 0 0 1 1
169 1 1 0 0 1 2 1 1 1 0
170 1 0 0 0 0 1 0 1 0 0
171 0 1 1 0 0 1 2 0 2 1
172 1 0 1 0 1 0 0 0 1 1
173 0 0 0 1 1 1 0 0 1 0
174 0 0 0 1 0 1 0 1 2 0
175 1 1 1 1 0 1 2 1 1 1
176 0 1 0 0 0 0 0 0 1 1
177 1 3 1 1 2 0 1 0 1 1
178 0 2 1 1 1 2 2 2 1 0
179 1 1 0 0 0 0 1 2 0 1
180 0 1 1 1 1 1 0 1 0 1
181 1 1 0 1 1 1 0 0 1 1
182 2 4 1 1 1 0 1 1 1 2
183 1 0 2 2 1 1 2 2 1 1
184 1 1 0 0 0 1 0 2 2 1
185 3 2 3 0 1 1 0 2 1 0
186 0 1 0 0 1 0 1 0 0 2
187 0 1 1 1 1 2 0 2 0 2
188 2 0 1 2 1 2 1 0 1 1
189 1 2 1 1 0 0 2 1 1 0
190 1 1 0 1 1 0 1 0 0 1
191 1 1 1 1 0 0 1 2 0 1
192 1 2 1 0 1 1 1 1 0 1
193 1 1 0 0 1 0 2 2 2 1
194 0 0 3 1 2 2 1 0 1 2
195 2 1 2 1 1 1 1 1 1 1
196 1 0 1 1 1 1 0 2 0 1
197 0 0 0 2 3 0 2 1 1 2
198 2 0 2 2 1 1 0 0 1 1
199 2 0 1 1 1 2 1 1 3 0
200 0 1 1 1 1 0 0 1 1 0
201 1 0 0 1 1 3 1 1 1 0
202 2 1 0 0 0 2 1 1 2 0
203 0 0 1 2 0 3 1 0 2 1
204 1 1 0 1 2 1 1 1 1 0
205 2 1 2 1 1 1 3 1 0 1
206 1 1 1 1 1 1 1 2 0 0
207 1 0 1 0 1 0 0 1 1 0
208 1 1 0 0 0 1 0 1 0 1
209 0 1 2 1 1 0 2 0 1 1
210 0 1 1 1 0 1 1 1 0 1
211 1 1 1 2 1 1 0 0 2 3
212 1 2 1 2 1 2 0 1 0 1
213 1 0 2 1 0 2 1 1 1 1
214 0 1 0 2 1 1 0 1 0 1
215 1 2 1 0 1 1 3 0 2 2
216 0 1 0 1 0 0 1 0 1 0
217 1 0 1 2 0 0 1 2 2 0
218 1 0 2 1 0 0 1 0 0 1
219 0 2 1 0 1 0 0 2 0 0
220 2 3 1 0 1 0 0 2 0 1
221 1 0 0 1 2 1 1 0 1 0
222 0 2 1 1 2 2 2 1 1 0
223 1 1 1 1 2 1 2 1 1 1
224 1 1 1 0 0 1 0 1 2 2
225 1 1 1 1 0 1 1 0 0 2
226 0 3 0 2 0 1 0 0 0 1
227 1 0 1 0 1 1 0 1 2 1
228 1 1 1 0 1 1 2 0 0 2
229 2 2 0 0 1 0 0 2 0 1
230 0 1 1 1 3 1 0 0 0 0
231 2 1 1 2 2 0 2 1 0 1
232 2 1 0 1 1 0 1 2 1 2
233 1 2 0 1 1 2 0 0 1 1
234 1 1 2 1 0 1 1 0 1 0
235 0 1 1 1 2 2 1 1 0 1
236 0 1 2 1 0 1 0 2 0 1
237 1 1 1 1 1 0 1 1 0 0
238 1 1 3 0 0 1 2 0 0 1
239 2 1 2 0 0 1 0 1 1 2
240 0 1 0 1 1 1 2 2 0 1
241 1 1 0 0 0 0 0 1 1 1
242 0 1 1 2 2 1 1 1 0 2
243 0 2 0 0 1 0 1 1 1 1
244 1 1 1 0 1 2 0 0 0 0
245 1 0 3 2 0 0 1 1 1 1
246 1 0 1 1 1 2 1 1 1 1
247 1 0 0 0 1 0 1 0 2 0
248 0 1 0 0 0 2 2 0 1 3
249 0 1 1 0 0 0 1 0 2 3
250 2 1 1 0 0 1 0 2 1 0
251 0 1 2 1 0 0 0 1 1 1
252 0 1 1 1 2 0 0 1 1 1
253 1 0 0 1 1 1 2 0 0 1
254 1 0 2 0 2 1 0 0 2 2
255 2 1 2 1 1 0 0 1 1 0
256 1 0 0 1 0 1 0 0 0 0
257 0 0 2 1 0 1 1 0 0 1
258 2 0 0 0 0 1 1 0 0 1
259 1 0 0 1 0 1 2 0 0 0
260 2 1 1 0 0 2 1 1 0 0
261 0 1 1 0 0 1 0 0 1 2
262 2 1 1 0 1 1 1 1 0 0
263 1 0 2 0 1 2 2 1 2 1
264 0 0 0 1 2 2 0 3 0 0
265 0 2 4 1 0 0 0 2 2 1
266 0 2 1 0 1 1 0 0 1 1
267 1 0 1 1 1 1 2 1 1 0
268 2 3 1 1 1 2 0 1 1 1
269 1 1 2 1 1 2 2 0 0 1
270 1 1 0 1 2 1 1 0 0 0
271 0 0 1 1 1 1 0 1 1 0
272 2 0 0 0 0 0 0 1 1 2
273 0 2 0 0 1 0 1 2 0 0
274 3 1 0 1 1 1 0 0 1 1
275 1 1 2 2 0 2 1 1 0 0
276 0 0 0 1 1 1 0 2 0 1
277 2 1 0 1 2 2 1 1 1 1
278 2 0 1 1 0 2 1 1 1 0
279 1 2 1 0 0 1 1 1 0 1
