T0
0 1 1 2 1 1 1 2 1 2 2 1 1
1 1 0 1 0 2 1 0 1 1 0 0 2
2 0 1 1 1 1 1 1 1 0 0 1 1
3 1 1 3 0 1 1 1 1 0 2 1 0
4 0 2 0 1 0 0 0 2 0 0 2 1
5 1 2 1 0 0 0 1 1 1 1 1 0
6 1 2 1 1 2 1 0 1 2 1 1 1
7 2 1 1 0 0 1 0 2 2 0 1 1
8 0 1 0 1 0 0 2 0 0 1 1 2
9 2 0 2 0 0 2 0 1 0 0 1 3
10 2 1 0 0 1 1 3 1 2 1 0 1
11 0 1 1 2 1 2 1 2 1 1 2 2
12 2 1 1 1 0 0 1 1 2 2 0 1
13 0 0 0 2 1 1 2 0 0 1 0 2
14 1 0 1 0 0 0 2 2 0 2 0 1
15 0 2 1 1 1 2 1 0 0 1 1 0
16 2 0 3 1 1 0 2 1 1 0 1 1
17 1 1 1 0 1 0 1 1 1 1 1 1
18 0 1 2 0 0 0 2 1 1 1 1 1
19 1 1 2 0 1 1 1 1 0 0 1 1
20 2 0 0 0 2 0 1 1 0 1 1 0
21 0 1 0 1 1 0 1 0 2 1 1 1
22 0 1 1 0 1 0 0 1 2 1 1 0
23 1 2 1 1 1 0 0 2 0 1 0 1
24 0 2 1 2 2 1 2 1 0 1 1 1
25 0 1 1 3 0 2 0 0 2 0 0 2
26 0 1 0 1 1 2 0 2 1 0 0 1
27 0 0 0 1 1 1 0 0 1 1 1 1
28 1 1 1 1 1 1 0 1 0 0 1 0
29 1 2 2 1 1 1 0 0 2 2 1 0
30 0 1 1 0 1 0 0 0 1 1 0 1
31 0 1 1 0 0 1 0 1 0 3 2 2
32 0 1 0 1 0 3 1 2 0 1 0 0
33 2 0 1 0 1 0 1 0 2 1 1 0
34 1 0 1 0 1 1 1 2 3 0 0 1
35 0 1 3 1 1 1 1 1 0 0 1 1
36 0 1 2 1 1 1 0 2 0 1 1 1
37 1 1 0 0 0 1 1 2 0 2 2 0
38 1 0 1 1 0 1 1 1 1 1 0 0
39 1 1 1 3 1 1 0 1 1 0 1 1
40 1 3 0 0 1 1 1 2 1 2 0 1
41 0 1 0 1 2 0 1 2 1 1 1 0
42 0 0 0 2 1 1 0 1 0 2 1 1
43 0 0 0 1 0 0 2 2 1 0 2 1
44 1 1 0 0 1 1 0 0 3 0 1 0
45 1 1 0 1 2 3 2 0 1 2 1 2
46 1 1 1 2 1 1 0 0 0 0 0 1
47 1 1 1 0 2 1 0 1 0 0 1 1
48 0 0 0 0 1 0 2 0 1 1 1 2
49 1 1 1 1 0 0 1 1 0 1 3 1
50 0 1 0 2 0 1 0 2 0 2 1 1
51 0 1 0 0 1 0 1 0 2 1 1 1
52 1 0 1 1 1 1 2 0 1 1 0 1
53 1 0 1 3 1 1 1 1 0 1 1 2
54 1 1 1 1 1 0 0 2 1 1 1 1
55 1 2 1 1 1 3 0 1 0 1 0 0
56 1 1 1 1 2 0 2 3 0 0 2 0
57 2 1 1 1 0 0 1 2 2 1 0 0
58 1 2 2 0 0 1 1 0 1 1 1 0
59 2 0 3 0 1 0 1 2 1 3 1 2
60 0 0 2 0 1 1 0 1 2 0 1 1
61 0 0 1 0 2 1 2 0 0 0 1 0
62 1 1 1 1 1 0 0 1 1 1 1 1
63 1 0 0 1 0 0 1 0 0 0 1 0
64 1 1 1 1 2 2 1 1 1 1 0 0
65 0 2 1 1 1 1 1 1 1 0 0 1
66 0 1 1 1 1 2 0 1 0 0 1 1
67 0 2 0 1 1 0 0 0 1 2 1 0
68 2 2 1 1 2 1 0 0 2 1 1 2
69 0 1 0 0 1 1 1 1 0 0 1 1
70 1 0 0 1 1 1 1 1 1 1 1 1
71 1 2 2 0 1 0 2 1 0 1 0 0
72 1 2 1 0 0 1 2 1 0 2 2 1
73 1 2 0 0 1 0 0 2 0 2 1 2
74 0 2 1 2 1 1 1 0 1 0 1 1
75 1 2 0 1 1 0 0 0 0 0 0 0
76 1 2 2 0 0 0 2 2 1 2 1 0
77 2 1 2 0 1 1 0 0 0 0 2 0
78 0 1 0 1 2 1 0 0 0 2 0 1
79 0 0 3 1 1 2 0 1 1 0 1 1
80 1 1 1 2 2 1 1 1 1 0 2 1
81 0 0 2 0 1 2 2 1 1 0 1 2
82 1 1 0 0 2 1 1 0 0 1 1 1
83 1 0 0 1 0 2 2 1 1 0 0 1
84 0 1 1 1 1 0 1 2 2 0 0 2
85 1 2 1 2 1 1 1 1 2 1 1 0
86 1 1 1 0 2 0 0 0 0 1 1 0
87 0 0 1 0 1 3 0 1 2 1 0 1
88 1 2 2 0 0 1 0 2 2 1 3 0
89 1 0 1 2 0 3 0 2 2 1 1 1
90 1 2 2 2 1 1 1 1 0 0 0 1
91 2 1 2 1 1 1 2 1 1 1 1 1
92 2 1 1 1 2 0 0 1 0 1 0 0
93 0 1 0 1 2 1 0 1 1 1 2 1
94 1 1 1 1 0 1 1 0 2 0 2 1
95 1 1 0 1 2 2 1 0 2 0 1 2
96 2 1 1 0 0 0 2 0 3 1 3 1
97 1 0 1 0 1 1 0 0 1 1 0 2
98 1 0 0 1 1 2 2 1 0 2 0 0
99 0 0 0 1 1 1 2 3 1 1 0 1
100 1 0 2 2 1 0 0 1 0 1 1 1
101 1 1 0 0 1 0 1 1 1 0 0 1
102 1 1 1 0 1 1 0 1 1 3 1 1
103 0 1 1 2 1 0 0 2 0 0 2 1
104 1 1 1 1 1 0 1 1 0 1 4 0
105 1 1 1 0 0 1 1 1 2 1 2 0
106 1 1 1 0 0 0 1 1 1 0 2 0
107 0 0 1 0 1 1 1 0 0 0 1 2
108 0 1 1 2 0 2 0 1 0 0 2 1
109 0 0 0 1 2 1 1 1 0 1 3 1
110 2 1 1 0 1 1 0 0 2 1 1 1
111 0 0 1 0 1 0 1 1 1 1 2 1
112 1 1 1 2 0 1 1 2 1 0 2 0
113 1 1 0 1 2 1 0 1 1 1 1 1
114 2 0 2 0 0 0 2 1 0 1 0 0
115 1 0 0 1 1 2 2 0 1 1 1 1
116 1 1 3 1 1 1 0 2 0 1 2 0
117 0 0 1 0 1 1 0 0 1 0 2 0
118 1 2 2 1 0 0 0 3 3 2 1 1
119 0 1 2 2 0 0 1 1 0 0 1 1
120 0 0 1 2 1 1 1 1 2 1 3 0
121 2 2 0 0 1 1 0 0 1 0 1 0
122 0 0 0 2 1 0 1 1 1 0 0 0
123 0 1 2 1 2 1 2 0 1 0 1 1
124 2 0 0 0 1 0 1 1 0 1 1 0
125 0 2 0 0 1 0 1 1 2 1 0 1
126 1 1 1 0 2 1 3 1 0 2 0 1
127 0 3 3 1 2 1 0 0 0 1 0 2
128 1 2 0 0 0 1 1 1 0 0 0 0
129 1 2 1 0 0 1 1 0 1 1 1 2
130 0 1 0 1 2 0 1 0 1 0 1 1
131 0 1 2 2 0 1 2 2 0 0 1 2
132 0 1 2 0 0 2 1 1 1 1 0 0
133 1 1 2 1 0 1 1 1 1 0 0 1
134 1 0 0 0 3 0 1 1 0 0 2 1
135 1 1 0 1 1 0 0 1 0 2 0 1
136 1 0 1 0 0 2 1 1 1 0 3 1
137 0 3 1 1 1 1 0 0 2 0 2 0
138 0 2 0 0 2 1 2 1 1 0 1 1
139 0 2 1 1 1 1 0 0 1 1 1 1
140 1 0 3 1 2 0 1 1 1 1 1 0
141 0 1 1 1 0 1 1 1 1 1 0 2
142 1 1 1 1 1 1 0 1 1 0 0 0
143 2 0 0 0 0 1 0 0 0 2 1 0
144 2 1 1 1 1 0 0 1 0 1 2 0
145 1 1 1 1 0 0 1 1 2 0 1 1
146 1 2 3 1 0 1 0 0 1 1 1 1
147 1 0 0 0 0 1 2 1 3 1 0 0
148 0 0 2 0 1 2 0 0 1 2 1 1
149 0 2 1 1 1 1 3 1 1 0 1 0
150 2 1 0 2 1 1 1 0 1 2 1 2
151 1 1 2 1 0 0 1 1 1 1 0 1
152 1 1 1 0 1 2 2 0 1 1 1 2
153 2 1 0 2 0 1 1 1 3 1 0 1
154 1 0 0 0 1 1 0 0 0 0 0 2
155 1 2 0 0 1 1 0 1 1 1 1 1
156 1 2 1 2 2 2 2 2 1 1 0 0
157 2 1 1 1 2 0 1 0 1 1 2 0
158 2 2 0 1 2 1 1 0 2 1 1 0
159 1 1 1 0 1 0 0 1 0 1 2 3
160 1 1 1 2 0 1 1 1 0 0 1 3
161 1 0 1 2 2 0 2 2 2 1 0 1
162 2 2 0 1 1 1 0 0 0 0 1 0
163 1 1 1 1 3 0 1 0 1 0 2 1
164 1 1 1 1 1 0 1 1 0 1 1 1
165 2 1 1 1 0 0 0 2 2 2 0 1
166 0 1 2 2 0 1 0 0 3 1 1 0
167 0 0 1 1 0 0 1 1 2 1 1 1
168 2 1 1 0 0 1 1 0 2 0 0 0
169 1 1 2 0 1 0 1 1 1 1 0 1
170 1 1 1 1 2 0 0 1 1 1 1 2
171 2 1 1 0 1 1 0 2 1 1 1 1
172 0 1 1 2 0 0 1 0 2 1 0 2
173 2 2 1 1 1 0 1 1 0 0 1 0
174 1 1 1 0 1 0 0 2 1 0 1 1
175 1 0 1 3 1 1 1 1 1 2 0 1
176 1 0 1 1 1 1 1 0 1 0 0 0
177 0 1 2 1 1 2 0 1 1 1 2 0
178 1 1 0 1 0 0 1 0 1 1 0 1
179 1 1 0 2 0 0 0 2 2 2 1 1
180 2 3 1 0 1 2 1 0 1 1 0 0
181 0 0 1 1 0 1 0 1 1 2 2 1
182 3 1 3 1 1 0 1 1 1 0 0 1
183 0 1 1 1 0 0 2 2 1 1 2 0
184 2 1 1 2 1 0 1 1 0 1 1 2
185 2 1 1 1 1 0 1 0 0 2 0 1
186 0 1 0 0 0 1 0 1 1 1 1 1
187 0 0 2 0 1 1 0 1 0 0 2 1
188 1 1 2 1 0 1 1 0 2 0 2 2
189 0 0 1 1 1 1 1 1 1 2 0 1
190 0 1 1 1 1 0 1 2 0 2 1 2
191 1 2 1 0 2 2 1 2 0 1 2 1
192 1 1 0 1 1 1 0 1 1 0 0 0
193 0 0 2 1 2 2 1 1 0 0 0 1
194 0 1 0 2 0 0 0 2 1 0 1 1
195 1 1 0 1 1 2 1 0 1 1 0 1
196 1 1 0 1 1 1 1 1 0 1 1 2
197 1 0 2 1 0 0 0 1 1 0 1 0
198 0 1 3 0 2 2 0 1 2 1 0 1
199 0 1 2 0 2 0 2 1 1 0 0 1
200 0 1 2 1 1 0 0 1 1 2 0 1
201 0 1 0 2 0 0 2 1 0 0 2 0
202 0 0 1 1 0 1 2 2 1 0 1 1
203 1 1 1 1 1 0 1 1 1 2 0 1
204 1 0 2 0 1 1 1 2 1 2 1 1
205 0 0 1 1 1 1 2 2 0 0 0 1
206 1 0 2 2 1 2 1 1 1 0 1 1
207 1 1 1 1 0 0 0 2 0 1 0 1
208 2 0 0 2 0 1 1 2 0 1 1 2
209 1 1 1 0 2 0 0 1 0 2 0 1
210 2 2 1 1 2 0 1 1 1 2 2 0
211 1 0 1 1 2 1 2 0 2 1 1 1
212 1 2 1 0 1 0 1 1 1 1 0 1
213 0 1 2 0 1 1 0 1 1 2 0 2
214 1 1 1 1 1 1 0 1 1 0 2 0
215 1 1 2 0 1 1 0 1 1 0 1 1
216 2 1 1 1 0 1 0 0 0 1 0 1
217 0 0 1 1 0 0 1 1 0 1 1 1
218 1 1 1 0 1 0 1 0 1 1 1 2
219 1 1 0 1 0 0 0 2 1 2 0 2
220 2 1 1 0 1 1 1 0 0 0 0 1
221 3 0 0 1 2 2 0 2 1 0 1 2
222 1 1 1 0 2 1 2 2 0 1 1 2
223 1 1 1 1 1 1 2 0 0 1 1 1
224 1 0 1 0 0 0 1 2 1 0 1 1
225 1 0 1 1 1 1 0 1 0 1 1 1
226 1 1 0 0 0 1 1 2 0 1 0 1
227 1 0 1 3 1 1 1 0 1 1 2 0
228 0 1 0 1 2 0 0 0 0 1 0 2
229 2 1 2 0 1 1 1 2 0 2 0 1
230 0 2 2 1 0 1 0 1 2 0 0 0
231 2 1 1 1 0 2 1 1 0 0 1 2
232 0 0 1 1 1 0 1 2 1 2 1 3
233 1 1 0 0 0 1 2 1 0 1 2 1
234 1 2 2 0 0 0 1 1 1 1 0 2
235 1 1 0 3 0 1 1 0 2 2 2 1
236 0 1 1 2 1 1 1 1 0 0 0 1
237 1 1 2 3 2 0 0 0 1 1 0 2
238 0 1 1 2 1 1 1 1 1 1 1 0
239 1 1 1 0 2 0 3 2 0 0 1 0
240 1 1 0 2 2 1 2 1 0 1 1 0
241 0 1 1 0 1 1 1 0 0 1 0 1
242 1 2 2 0 2 0 0 0 1 1 1 1
243 1 1 2 0 1 2 1 2 0 1 2 2
244 1 1 1 2 2 1 1 0 1 2 1 1
245 1 1 3 0 1 0 2 1 1 2 2 0
246 1 1 2 1 0 1 0 0 0 0 2 1
247 0 1 1 0 2 0 2 3 0 1 1 1
248 1 0 3 0 0 0 0 0 1 1 1 0
249 0 1 2 1 0 2 0 1 1 2 1 3
250 1 1 1 0 1 1 0 0 0 0 1 0
251 0 2 1 1 0 1 1 0 2 0 0 1
252 0 0 0 1 0 2 1 0 1 0 2 1
253 2 0 1 1 0 1 1 0 1 2 1 1
254 1 0 2 1 0 1 1 1 1 1 0 1
255 0 0 2 2 1 0 1 0 2 0 2 1
256 1 1 1 0 0 1 1 0 1 0 1 0
257 2 1 0 1 2 0 0 2 0 0 1 0
258 0 1 2 1 0 0 1 2 1 1 1 1
259 1 1 1 0 0 1 3 0 2 0 1 1
260 2 1 4 2 0 2 2 2 0 1 1 0
261 1 0 0 4 1 0 1 0 1 0 1 1
262 0 0 0 0 0 1 0 1 1 2 1 2
263 0 1 1 0 1 0 1 0 1 1 1 1
264 2 0 2 0 1 1 1 1 1 2 1 1
265 1 1 0 3 1 0 1 0 1 1 2 1
266 0 1 1 1 1 1 1 0 0 1 0 2
267 0 1 0 1 0 1 0 0 1 2 0 1
268 2 0 1 1 2 1 1 1 1 1 1 2
269 2 2 2 1 0 1 1 1 1 2 0 1
270 1 3 1 0 1 1 0 1 1 1 1 0
271 0 0 0 0 1 0 0 1 1 1 1 1
272 1 0 0 1 1 3 1 1 1 3 2 1
273 0 1 1 0 2 1 0 2 1 1 0 1
274 2 1 0 1 0 1 1 2 0 1 1 1
275 0 2 2 0 0 1 1 1 1 2 0 1
276 0 2 0 1 1 2 0 0 1 1 1 0
277 1 1 0 1 1 0 0 0 2 0 0 0
278 0 1 1 1 0 0 1 1 1 1 1 2
279 1 2 1 0 1 0 0 2 0 0 1 0
T1
0 2 1 1 1 1 1 1 0 2 1 1 1
1 1 1 0 0 1 1 0 1 1 1 1 1
2 1 1 3 3 2 1 2 2 1 2 1 0
3 2 1 2 1 1 2 1 0 0 1 0 1
4 1 2 2 1 0 1 2 1 1 1 1 1
5 1 1 3 1 0 1 1 1 2 0 1 1
6 0 3 2 0 0 2 0 1 2 0 1 1
7 0 0 1 0 1 1 1 0 1 1 2 2
8 0 0 0 0 1 0 2 0 2 1 2 1
9 1 1 2 2 1 0 1 1 2 0 0 1
10 1 0 1 2 2 1 1 1 2 0 1 1
11 1 0 0 1 1 1 1 1 1 0 1 1
12 1 0 0 0 1 2 1 1 0 1 0 1
13 1 0 0 1 1 0 1 0 1 0 1 0
14 1 1 1 2 0 0 2 1 2 0 1 1
15 4 0 0 0 1 0 1 1 0 0 1 2
16 1 1 2 0 0 0 0 0 1 2 2 3
17 1 2 1 0 1 3 0 1 2 1 0 2
18 0 0 1 0 0 1 1 0 2 0 1 1
19 1 1 2 0 1 2 0 1 2 1 1 0
20 1 1 1 3 0 2 0 1 0 1 0 0
21 1 1 1 2 1 0 2 0 1 0 0 1
22 1 2 0 1 1 1 1 3 1 2 0 1
23 0 0 0 0 2 2 1 0 0 2 1 0
24 2 1 1 1 1 0 0 2 1 3 1 1
25 1 1 0 1 0 2 1 1 1 1 0 0
26 1 1 1 1 1 0 1 1 2 0 0 0
27 2 0 1 0 2 2 1 1 1 1 1 1
28 1 1 1 1 1 0 0 2 0 1 0 0
29 1 0 1 1 2 0 0 2 1 0 1 1
30 0 1 0 1 2 1 0 0 2 2 3 1
31 2 2 2 0 1 0 0 0 0 0 1 0
32 0 3 1 2 0 2 1 1 0 1 1 0
33 1 2 1 2 0 0 0 1 0 1 1 0
34 1 2 1 0 1 2 1 3 2 1 1 1
35 2 1 0 1 1 1 0 1 0 0 1 1
36 1 1 1 1 0 2 1 1 0 2 0 1
37 0 1 0 0 1 1 1 1 1 0 1 1
38 1 2 2 0 1 0 0 1 1 2 2 2
39 0 2 1 1 1 0 0 1 1 2 0 1
40 1 2 0 0 1 1 1 2 1 2 0 0
41 1 0 2 2 1 1 2 0 1 0 0 1
42 0 0 1 0 2 1 1 3 1 2 0 1
43 0 1 0 1 0 0 0 0 2 0 0 0
44 1 0 1 2 1 1 0 2 3 2 1 0
45 2 1 1 1 2 0 1 0 1 2 0 0
46 0 0 1 1 2 0 0 1 0 0 2 2
47 1 0 1 2 2 1 4 0 1 1 1 0
48 0 1 2 0 0 1 0 3 0 2 0 0
49 0 1 1 1 2 2 1 3 0 1 1 1
50 0 3 2 2 1 1 1 0 2 1 0 1
51 1 0 1 1 1 1 1 0 0 0 1 2
52 0 1 0 1 3 0 0 0 2 1 0 1
53 1 0 0 0 1 1 1 1 0 0 3 2
54 2 3 1 1 3 2 2 0 0 1 1 0
55 0 0 2 1 0 2 1 1 0 2 0 1
56 0 1 1 1 0 2 0 0 1 1 0 0
57 1 0 0 0 2 0 0 2 0 1 0 1
58 0 0 2 0 0 2 1 2 0 0 2 1
59 0 2 1 1 0 1 1 1 1 2 0 1
60 0 0 0 1 0 0 1 0 2 0 1 0
61 0 1 2 0 1 0 0 0 0 0 1 1
62 1 0 2 0 1 1 0 1 1 1 1 2
63 0 1 0 0 1 0 1 1 0 2 0 1
64 1 1 1 0 1 0 0 3 1 0 1 0
65 1 0 1 1 1 2 1 0 0 1 0 2
66 0 1 0 0 0 1 1 2 1 1 0 1
67 1 3 0 2 1 3 0 1 0 1 0 0
68 1 3 1 0 1 1 0 1 2 0 3 0
69 0 0 0 0 0 1 2 2 3 0 1 0
70 0 4 1 2 2 0 0 1 0 0 0 2
71 2 1 1 0 2 1 1 1 1 2 0 0
72 2 0 1 1 0 0 0 0 1 1 2 1
73 2 0 1 0 0 1 1 1 0 1 1 2
74 1 1 0 0 1 1 2 0 0 0 0 1
75 1 0 1 0 1 0 0 1 0 1 2 0
76 0 0 1 1 1 1 1 2 0 0 0 1
77 0 1 2 0 1 1 1 2 1 2 1 1
78 1 1 1 0 1 1 1 0 1 0 1 1
79 1 0 0 2 1 0 0 1 1 1 1 0
80 1 1 1 1 1 1 0 1 0 0 1 0
81 0 0 1 1 0 0 2 0 1 1 0 0
82 2 1 0 0 1 1 0 0 2 1 0 1
83 0 0 0 0 0 0 1 1 1 0 1 1
84 1 1 1 0 1 1 1 1 1 2 0 1
85 1 1 2 1 1 0 1 1 1 1 1 1
86 1 1 0 1 2 1 0 1 2 1 2 0
87 0 1 1 1 0 1 1 1 0 0 1 1
88 1 1 1 1 2 2 0 0 1 1 0 1
89 1 0 1 0 1 1 0 0 0 2 0 0
90 1 2 1 1 2 0 0 1 1 1 2 1
91 2 1 0 2 0 1 1 1 1 1 1 1
92 1 1 1 0 1 1 1 1 3 0 1 1
93 1 0 1 1 2 0 3 0 0 0 1 1
94 1 1 2 0 3 0 0 1 0 0 0 2
95 2 0 0 2 0 1 1 1 1 0 0 1
96 0 1 1 1 1 2 1 1 0 1 0 0
97 0 2 1 0 2 0 1 0 2 0 0 2
98 0 2 1 0 1 2 1 0 0 2 1 1
99 0 1 1 1 0 1 1 0 0 2 1 2
100 0 2 0 1 2 1 0 2 1 2 1 1
101 0 1 1 0 0 1 0 2 0 1 1 1
102 1 0 0 1 0 1 1 2 1 1 1 1
103 1 0 3 2 1 0 1 0 1 0 2 0
104 2 0 1 1 2 1 0 0 2 0 1 1
105 2 2 2 0 1 0 2 0 0 1 1 1
106 1 1 0 0 0 1 1 0 1 3 1 2
107 1 1 0 0 1 1 1 0 1 0 1 0
108 0 1 0 1 0 2 1 2 0 1 1 1
109 0 0 0 0 3 1 0 0 1 0 0 1
110 0 2 1 1 1 1 2 2 0 1 0 0
111 0 1 1 1 1 3 1 1 0 1 1 0
112 1 2 0 0 1 1 2 0 0 1 1 1
113 1 1 0 0 1 0 2 1 2 1 3 0
114 0 1 0 1 0 1 2 1 1 0 0 0
115 1 3 1 1 1 2 1 0 3 1 0 0
116 2 1 0 1 1 1 0 0 1 2 2 0
117 1 0 2 1 1 1 1 1 1 0 0 2
118 0 1 1 2 1 2 1 1 2 1 0 0
119 2 2 1 0 1 0 1 1 0 2 0 1
120 1 0 1 0 0 2 0 1 0 3 0 1
121 1 3 0 0 2 0 0 0 0 0 1 0
122 2 3 1 2 1 1 0 0 0 1 0 0
123 0 1 0 0 1 1 1 2 2 2 1 1
124 1 0 0 1 2 1 1 0 2 2 1 0
125 1 1 1 1 1 1 1 1 1 0 0 1
126 0 1 0 1 2 1 0 1 1 1 0 0
127 1 1 2 1 2 1 2 0 0 2 2 0
128 1 1 0 0 1 0 0 1 0 1 1 0
129 0 1 1 1 0 2 1 2 1 0 0 0
130 2 0 1 1 1 1 1 0 0 0 0 1
131 0 1 0 0 1 1 1 1 2 1 1 0
132 2 1 1 1 1 0 0 0 2 1 2 2
133 1 2 0 1 0 1 3 1 0 0 0 1
134 1 0 0 1 1 1 1 1 1 1 1 1
135 2 1 0 1 1 0 1 1 1 1 1 0
136 1 1 0 1 1 1 1 1 3 0 1 3
137 1 0 0 2 0 3 2 1 1 2 1 0
138 1 1 1 0 0 1 2 1 1 0 0 1
139 1 1 1 0 0 1 1 1 1 0 2 1
140 1 2 0 4 0 1 1 2 1 1 1 0
141 1 1 0 1 0 0 0 1 0 0 1 0
142 0 0 1 1 2 1 1 1 1 1 1 1
143 0 1 0 0 0 0 0 1 1 3 1 2
144 1 2 1 1 0 1 0 0 1 0 3 0
145 2 1 1 0 1 0 1 2 1 2 0 0
146 0 0 3 2 0 2 1 4 1 0 1 1
147 1 2 1 2 1 0 0 2 2 1 2 1
148 3 0 2 2 0 1 0 1 1 0 1 1
149 2 2 1 1 0 1 1 1 2 0 1 1
150 1 1 1 1 0 1 1 2 1 0 1 1
151 1 0 0 1 1 0 1 2 1 2 0 0
152 1 1 0 0 2 3 3 2 1 2 1 1
153 3 1 1 3 0 1 1 1 1 1 1 0
154 1 1 1 0 1 0 1 1 2 1 0 1
155 1 0 1 0 2 1 0 1 0 1 0 1
156 2 1 0 0 2 0 1 3 1 1 1 1
157 1 3 1 0 1 0 1 1 0 1 1 0
158 0 2 0 1 1 0 1 1 1 1 1 0
159 1 0 0 2 1 2 1 0 0 2 2 1
160 1 2 0 1 1 1 0 2 1 0 2 1
161 1 1 1 1 1 2 0 2 1 1 2 2
162 0 0 0 1 2 1 1 1 1 3 2 1
163 0 1 1 1 1 1 0 0 1 0 1 0
164 0 0 2 1 2 1 1 0 2 0 0 0
165 0 0 1 2 1 1 1 0 1 2 1 1
166 1 2 0 1 1 0 1 0 1 1 0 2
167 3 0 0 0 1 1 1 0 1 1 1 1
168 0 1 1 0 0 0 3 3 1 1 2 2
169 0 0 3 0 2 1 1 0 1 2 0 0
170 2 1 1 1 0 1 0 1 1 1 0 2
171 0 1 1 2 2 0 0 0 1 1 1 2
172 0 0 2 1 0 0 1 1 0 0 3 1
173 0 1 0 0 0 1 1 2 0 0 0 1
174 0 0 0 2 0 1 0 1 1 1 1 2
175 2 0 0 1 2 2 1 0 1 0 1 1
176 0 0 0 1 2 0 1 1 3 1 1 2
177 1 2 1 1 1 0 2 1 2 2 0 1
178 1 0 1 1 1 0 0 0 2 1 0 0
179 1 0 2 2 1 1 1 0 1 1 1 0
180 1 0 1 1 1 1 0 0 1 1 0 2
181 1 3 1 1 0 0 2 1 1 1 1 1
182 2 0 1 0 0 3 1 0 3 1 1 1
183 1 1 1 1 0 1 2 2 1 0 1 1
184 0 0 1 1 1 1 1 0 2 0 0 1
185 2 1 1 1 1 0 0 0 1 1 0 0
186 0 1 1 0 0 1 1 0 2 1 3 0
187 2 1 0 1 1 2 1 0 0 0 2 1
188 0 0 2 3 0 0 0 0 0 0 0 0
189 1 1 1 0 0 0 0 1 1 1 2 1
190 0 1 1 1 3 0 0 2 1 0 0 1
191 2 0 1 1 0 0 0 1 1 0 2 2
192 4 1 3 1 1 2 1 2 0 0 1 2
193 1 1 1 1 1 1 0 0 1 1 0 1
194 1 0 2 1 1 1 0 0 0 1 1 1
195 1 0 0 0 0 0 0 0 1 1 2 1
196 0 1 1 1 1 2 2 1 0 1 1 1
197 1 2 0 1 1 0 1 0 1 3 1 2
198 0 1 0 1 2 0 2 2 0 2 1 0
199 0 0 0 0 3 1 1 1 1 0 1 1
200 0 1 0 1 0 1 1 0 1 1 0 1
201 1 0 1 0 1 2 1 1 1 2 0 1
202 0 2 2 0 1 2 0 1 0 0 0 1
203 0 0 1 1 2 1 3 1 0 1 1 1
204 1 0 0 0 1 1 0 1 1 2 0 1
205 0 1 2 2 2 1 0 1 1 0 1 0
206 1 0 0 0 1 2 0 0 3 1 0 2
207 1 0 1 0 1 1 0 2 1 0 1 0
208 1 0 1 2 0 2 1 0 1 1 2 1
209 1 1 0 0 2 1 2 1 1 2 1 0
210 2 1 1 0 1 1 1 1 1 0 2 1
211 1 1 1 2 1 2 0 1 2 0 0 0
212 1 1 0 1 1 0 0 0 0 0 1 1
213 0 2 1 0 1 0 2 0 2 1 0 0
214 1 1 1 0 0 0 1 0 1 1 0 1
215 0 2 1 1 1 1 3 2 0 3 0 1
216 2 0 1 1 1 1 1 0 0 2 0 0
217 0 1 0 2 0 1 2 2 0 1 0 1
218 1 0 2 2 1 2 1 2 0 1 1 1
219 1 1 0 1 1 1 2 1 1 1 1 1
220 1 0 0 1 1 1 0 1 0 0 0 0
221 2 1 2 1 0 1 1 2 1 0 1 1
222 0 1 1 1 1 1 2 0 1 3 1 0
223 0 0 1 1 1 2 0 1 1 0 1 0
224 0 0 0 3 2 2 0 0 2 1 2 0
225 0 0 1 0 1 1 0 0 2 1 1 1
226 2 0 1 0 1 1 1 0 2 1 0 0
227 1 1 0 1 1 0 1 1 0 0 1 0
228 1 1 1 0 1 0 1 1 0 0 1 3
229 1 2 1 1 1 1 1 2 1 1 0 0
230 1 0 1 0 0 1 0 2 1 1 2 1
231 1 0 1 2 0 1 1 0 2 2 1 2
232 1 1 1 0 1 2 2 1 0 1 1 1
233 0 1 1 0 2 1 1 2 1 0 1 0
234 2 0 0 3 0 1 0 1 1 1 0 1
235 1 2 0 0 1 1 1 0 1 0 1 1
236 1 1 0 0 1 0 0 1 1 0 1 1
237 1 1 0 0 2 1 1 0 0 0 1 1
238 2 1 1 1 0 2 1 2 0 0 1 1
239 0 2 1 1 0 1 0 1 0 1 2 1
240 1 1 1 2 2 1 1 2 0 2 2 1
241 3 0 1 2 0 1 1 0 1 2 0 0
242 0 1 1 0 2 1 2 0 1 0 1 1
243 1 1 1 1 3 0 2 0 0 0 1 2
244 0 1 1 1 1 1 0 2 1 1 1 1
245 1 1 1 1 2 2 0 0 0 1 1 0
246 2 1 1 1 0 0 1 0 0 2 0 2
247 1 0 2 1 1 1 1 1 1 1 1 3
248 1 0 0 1 0 0 1 1 1 0 0 1
249 2 1 0 0 2 1 1 1 1 1 1 0
250 1 1 1 1 0 1 1 0 0 1 0 0
251 0 1 1 0 1 2 1 0 2 2 1 3
252 1 1 1 2 2 0 1 0 0 1 0 0
253 1 0 1 1 0 0 1 1 0 2 1 1
254 0 1 1 1 3 2 0 2 0 2 0 0
255 2 1 0 1 0 2 0 1 1 2 0 1
256 0 1 1 1 0 0 0 1 0 1 1 1
257 1 1 1 2 1 0 1 2 1 1 0 1
258 0 1 1 0 1 1 1 0 0 1 1 1
259 1 2 0 0 1 1 1 0 1 2 1 1
260 1 1 1 3 1 2 1 0 1 1 1 0
261 2 1 1 2 0 1 0 0 1 0 0 1
262 1 2 1 1 2 1 0 1 0 0 1 1
263 1 1 1 1 0 2 0 1 0 2 0 3
264 1 1 0 1 1 1 2 1 3 0 0 0
265 2 1 1 1 0 1 1 3 0 0 0 1
266 2 1 3 1 1 1 1 1 1 1 1 1
267 0 3 2 1 1 2 1 0 1 1 0 0
268 2 1 0 1 0 0 0 1 0 1 0 0
269 1 0 1 0 2 0 2 1 1 2 1 1
270 0 0 1 0 0 1 0 0 1 1 1 1
271 1 1 2 1 2 3 1 1 1 0 0 0
272 0 0 0 2 0 1 1 1 1 0 1 0
273 2 1 1 0 1 1 1 1 1 2 1 0
274 0 0 2 0 1 1 1 0 0 0 1 0
275 0 2 0 2 0 0 1 2 0 0 1 1
276 1 2 0 2 1 0 1 0 1 1 0 0
277 1 2 1 1 0 0 1 0 1 3 1 0
278 3 1 1 0 0 1 1 0 2 1 1 0
279 2 0 0 0 2 1 1 1 1 2 1 0
T2
0 0 0 1 1 2 0 0 1 1 2 2 1
1 2 1 0 0 1 1 0 1 0 1 2 1
2 1 1 1 1 1 1 0 0 1 0 2 3
3 1 1 1 2 0 2 3 1 2 1 1 0
4 0 1 1 1 1 1 1 1 0 2 1 0
5 0 0 1 1 1 1 0 2 0 0 0 0
6 1 2 1 1 1 0 1 0 1 1 1 0
7 1 2 1 1 1 3 0 1 2 1 1 2
8 3 0 1 1 1 0 0 1 3 1 1 1
9 1 1 1 1 1 1 0 1 2 1 0 1
10 1 3 1 0 0 0 0 2 1 2 1 1
11 1 1 0 1 0 1 0 1 0 0 3 0
12 2 1 0 0 0 1 2 0 0 0 1 1
13 1 3 1 1 0 1 1 1 1 0 1 1
14 1 2 0 2 2 1 0 1 1 1 0 1
15 1 1 1 1 2 1 1 2 1 0 0 0
16 0 0 0 1 1 1 1 0 2 2 0 1
17 1 0 1 2 2 1 1 1 1 1 0 1
18 0 1 0 0 0 1 2 0 2 2 2 1
19 0 2 1 1 2 0 0 0 1 1 1 1
20 2 1 2 0 3 0 1 3 2 2 0 1
21 0 1 0 1 2 1 0 1 2 0 1 1
22 2 1 0 2 0 1 0 0 1 1 2 1
23 1 0 3 0 1 1 0 0 0 1 1 0
24 2 3 1 0 2 1 2 1 0 1 0 0
25 1 0 1 0 0 1 1 2 1 0 2 1
26 3 2 3 0 1 1 1 1 0 1 3 0
27 1 0 1 1 1 0 0 0 0 1 0 1
28 1 1 0 2 1 2 0 0 0 0 0 1
29 0 0 1 1 1 1 0 2 1 0 0 0
30 1 0 2 2 0 0 2 2 0 2 3 0
31 1 2 1 1 1 1 0 0 1 0 0 1
32 0 1 0 0 1 1 0 1 0 1 0 2
33 0 1 0 0 1 1 0 1 1 1 1 1
34 0 1 0 0 1 0 0 0 1 1 0 0
35 2 1 1 0 0 1 3 0 1 1 1 0
36 1 3 4 0 3 1 1 0 0 1 1 1
37 1 1 0 0 3 2 1 0 0 0 1 1
38 1 0 0 1 1 1 1 1 0 1 2 0
39 0 1 1 2 1 1 2 1 2 1 1 1
40 2 1 1 0 1 1 1 1 0 0 2 1
41 2 1 0 2 1 0 0 1 2 2 0 1
42 2 1 1 1 1 2 0 0 1 1 1 1
43 2 0 0 2 2 1 2 1 2 2 0 0
44 2 0 0 0 1 1 1 0 0 1 1 1
45 1 2 0 1 0 1 1 2 1 1 1 2
46 2 0 1 0 0 1 1 1 0 1 0 2
47 1 1 1 2 0 1 2 2 2 1 0 2
48 1 2 1 2 0 1 2 0 0 1 0 1
49 1 1 1 2 0 1 1 0 0 0 3 0
50 2 0 0 1 1 2 1 2 2 1 1 1
51 0 0 0 1 1 0 0 0 2 1 1 0
52 0 1 1 0 0 0 2 0 0 0 0 1
53 0 1 2 3 1 1 2 0 1 1 2 1
54 0 1 1 1 0 0 2 1 2 1 0 1
55 0 0 2 1 1 0 1 0 0 1 1 0
56 2 1 0 2 2 1 0 0 1 2 1 0
57 0 1 1 2 3 1 1 1 0 2 1 1
58 1 1 1 1 0 1 0 1 0 1 0 0
59 0 0 0 1 1 1 1 2 0 0 1 2
60 1 0 2 1 1 0 0 0 1 1 1 1
61 0 1 1 1 0 1 0 1 1 2 0 2
62 1 1 1 2 1 0 1 2 0 1 1 0
63 0 1 0 1 1 1 2 1 0 2 2 2
64 0 0 0 0 0 0 3 1 1 1 2 1
65 0 1 1 2 0 1 1 1 0 1 0 0
66 1 2 0 0 1 1 1 2 2 1 1 1
67 0 1 1 0 3 2 1 1 1 0 0 0
68 1 1 1 0 0 1 0 0 0 1 2 1
69 2 0 0 1 2 0 1 1 1 1 3 0
70 2 1 1 1 1 2 1 2 1 1 1 1
71 2 1 0 0 1 2 1 1 0 1 2 1
72 2 0 1 1 2 1 0 0 1 2 1 0
73 0 1 0 0 1 1 0 0 0 1 0 2
74 1 0 0 1 1 1 1 0 1 3 0 1
75 1 1 2 1 0 2 1 0 1 1 1 1
76 0 1 0 2 1 1 2 1 0 1 0 0
77 0 2 1 1 1 0 0 1 1 1 1 1
78 2 0 2 1 0 0 0 1 1 1 0 0
79 0 0 2 1 1 0 0 1 0 1 2 0
80 1 1 3 0 0 0 1 0 1 1 1 1
81 2 2 2 2 1 1 0 2 1 0 2 2
82 2 1 0 2 3 0 1 1 1 2 0 1
83 0 2 1 0 1 1 1 0 0 1 1 1
84 1 1 1 2 1 2 1 2 1 0 2 0
85 1 1 2 0 1 0 0 2 2 1 2 1
86 2 1 1 0 1 1 1 1 1 1 1 2
87 1 1 0 0 1 0 0 2 2 1 1 0
88 0 0 1 2 1 2 1 1 2 2 1 0
89 1 1 2 1 0 1 1 0 2 2 1 0
90 0 0 1 1 1 2 0 2 2 0 1 1
91 2 3 1 2 1 1 0 0 1 1 1 0
92 2 1 1 0 2 1 3 1 0 1 1 0
93 0 1 1 1 1 1 0 0 0 1 1 0
94 3 0 1 1 2 1 1 0 1 0 0 0
95 0 2 2 0 1 2 1 2 0 1 2 1
96 0 1 2 0 0 0 1 0 0 0 1 1
97 2 0 1 2 1 1 0 3 1 1 1 1
98 1 0 0 0 1 1 1 0 0 0 1 1
99 1 0 1 1 2 2 1 0 1 1 2 0
100 1 0 1 1 1 1 0 0 2 0 0 2
101 1 1 2 0 0 2 1 1 1 1 1 1
102 0 1 2 1 1 0 1 2 1 2 1 0
103 1 0 1 2 1 2 0 0 1 1 1 1
104 3 0 1 1 0 1 0 0 1 0 1 1
105 2 2 1 0 0 2 1 1 1 2 0 1
106 0 0 0 1 1 0 0 0 1 0 2 1
107 1 3 0 1 1 1 0 0 1 1 0 0
108 0 1 0 1 1 1 1 1 0 0 1 1
109 1 1 2 1 2 1 1 0 0 2 1 2
110 1 2 0 0 0 0 1 0 1 1 1 3
111 1 0 1 1 1 2 1 1 0 0 1 1
112 1 1 1 1 0 0 1 0 1 3 2 0
113 0 0 1 2 1 0 0 1 0 1 1 0
114 0 2 1 0 0 1 1 2 1 0 0 1
115 0 2 0 1 1 1 0 2 0 1 2 1
116 0 1 1 0 1 0 1 2 0 2 1 0
117 0 1 0 1 0 0 1 0 0 0 1 1
118 1 0 0 1 0 3 1 1 0 2 2 0
119 0 1 0 1 1 0 1 1 1 1 0 0
120 0 0 0 1 1 1 0 1 1 2 1 1
121 2 0 0 0 1 2 0 0 1 1 1 0
122 1 0 1 1 1 1 0 1 2 1 2 2
123 0 0 1 0 0 2 1 1 0 1 1 0
124 1 1 0 0 1 1 0 0 1 0 0 0
125 0 3 1 0 0 1 2 2 1 0 0 0
126 1 3 1 1 0 1 2 1 1 0 0 0
127 0 1 0 0 1 1 1 0 2 1 0 1
128 2 0 2 0 2 0 1 1 1 1 0 0
129 2 0 1 2 0 0 0 2 1 1 1 2
130 1 1 0 1 0 1 0 1 1 2 1 1
131 1 0 0 1 2 1 1 1 1 0 0 1
132 0 1 2 0 1 0 2 1 1 1 0 0
133 1 1 1 0 2 1 1 2 1 0 2 0
134 2 0 0 0 4 0 0 1 1 1 2 1
135 1 1 1 0 0 1 0 1 1 1 0 1
136 1 0 1 1 0 0 2 1 1 0 1 0
137 1 1 1 1 0 0 0 1 3 1 2 1
138 0 1 0 1 0 1 2 0 1 0 2 1
139 1 1 2 1 1 2 0 1 0 1 1 1
140 0 1 1 1 1 1 1 1 0 3 0 0
141 2 0 1 2 1 0 1 1 1 1 0 1
142 2 1 4 0 1 0 0 0 1 0 0 0
143 1 0 2 1 2 1 1 2 0 2 1 0
144 1 1 1 1 0 0 0 1 3 1 2 0
145 0 1 1 1 1 0 0 0 1 1 2 3
146 0 1 0 1 0 1 1 2 1 0 1 0
147 1 1 1 1 1 0 1 0 1 2 0 1
148 0 1 1 0 2 1 2 1 1 1 0 2
149 1 1 1 2 1 1 2 0 0 2 1 0
150 0 0 1 3 0 1 0 1 0 1 1 3
151 0 1 1 1 0 1 1 0 1 1 0 1
152 0 2 1 1 1 1 0 1 1 0 1 0
153 2 1 1 1 1 1 2 2 1 0 2 0
154 1 1 1 1 0 1 1 0 2 0 3 1
155 0 1 1 1 1 1 3 1 1 1 0 0
156 1 2 1 0 1 0 1 0 1 0 2 1
157 0 1 0 2 0 1 0 0 0 1 1 1
158 1 0 1 1 1 2 1 1 2 1 0 2
159 2 1 0 1 0 0 2 0 0 1 1 0
160 2 0 1 1 2 2 0 2 0 3 2 1
161 0 1 2 1 1 1 2 1 1 2 1 1
162 1 1 0 0 1 0 1 2 1 0 1 1
163 1 2 0 0 0 0 0 2 1 1 0 1
164 1 1 0 1 1 0 1 1 2 1 1 0
165 2 0 1 1 0 0 3 1 1 0 0 0
166 1 1 0 0 1 1 1 1 1 0 1 0
167 0 0 2 1 1 2 0 1 0 0 1 1
168 0 1 1 0 1 0 1 1 0 1 0 1
169 1 1 1 1 1 1 1 1 2 1 1 1
170 1 0 0 1 1 0 1 1 0 0 1 0
171 0 1 0 2 0 2 1 1 1 0 0 2
172 0 0 1 0 0 1 0 1 2 1 1 1
173 1 1 1 1 0 0 1 0 0 1 2 1
174 1 1 1 1 1 1 0 0 2 1 0 0
175 1 0 1 0 3 1 1 1 1 0 2 2
176 1 1 0 0 1 1 0 0 1 1 1 2
177 0 0 1 0 1 1 3 1 0 1 1 0
178 0 3 0 0 1 1 1 1 1 0 1 1
179 0 1 0 1 2 0 2 1 0 0 0 2
180 1 2 1 1 1 0 0 1 2 2 1 0
181 1 2 1 1 0 1 0 3 1 1 0 0
182 2 2 2 1 1 0 1 2 0 0 0 1
183 2 1 0 1 1 1 2 1 1 2 1 0
184 0 0 2 0 1 0 1 1 0 1 1 2
185 1 0 0 1 2 2 1 1 1 1 0 1
186 1 1 1 1 3 1 1 1 1 1 2 0
187 0 1 2 1 0 1 1 0 0 1 1 1
188 0 1 0 0 0 2 1 0 0 2 1 1
189 1 0 0 1 0 2 0 0 0 1 0 1
190 0 1 2 0 0 0 2 1 1 1 1 1
191 0 1 2 0 0 1 0 2 1 2 1 0
192 1 1 0 1 0 2 1 0 2 2 1 1
193 1 0 0 2 0 1 1 2 1 1 0 1
194 1 0 0 0 2 0 1 1 1 1 2 1
195 2 1 1 1 1 1 2 1 1 0 1 2
196 0 2 0 0 1 1 0 1 1 1 1 1
197 0 1 0 0 0 0 0 2 1 0 1 2
198 0 1 1 0 0 1 1 1 1 1 0 0
199 1 1 1 1 1 1 1 0 0 0 0 1
200 2 0 1 1 1 0 1 0 1 1 0 0
201 2 0 1 3 1 2 0 1 0 1 1 0
202 2 1 1 1 1 2 1 3 0 1 0 1
203 1 0 2 1 1 1 2 2 1 1 2 2
204 0 0 1 0 1 1 1 1 2 1 0 1
205 0 0 2 1 1 0 1 1 0 1 0 0
206 1 2 1 2 1 1 0 0 2 0 0 2
207 1 2 0 1 1 1 2 1 0 1 1 2
208 1 1 0 1 1 0 2 0 0 1 0 0
209 2 2 1 2 1 0 0 2 1 1 0 1
210 1 0 1 1 0 1 0 1 1 1 1 0
211 1 1 2 1 1 1 1 0 2 1 1 2
212 0 1 1 2 1 0 2 2 1 1 1 2
213 1 0 1 0 1 0 1 1 1 0 0 0
214 1 1 1 0 0 0 0 1 1 2 1 1
215 1 1 0 1 1 0 2 1 1 1 1 1
216 0 0 2 0 1 1 0 1 1 1 1 0
217 0 0 0 2 2 1 0 1 1 1 0 0
218 0 0 0 1 1 0 0 0 1 1 2 1
219 4 1 1 1 1 1 1 1 2 1 0 1
220 0 0 1 1 1 2 1 2 1 0 0 0
221 0 1 1 3 1 0 0 1 1 1 1 1
222 0 1 0 2 0 1 0 0 1 0 1 0
223 1 2 1 1 2 1 0 2 1 1 1 1
224 1 0 0 1 0 0 1 2 1 2 1 1
225 0 2 2 1 0 1 1 0 2 3 0 0
226 1 0 0 0 0 1 0 0 2 2 0 1
227 0 2 0 0 0 2 1 1 1 1 0 1
228 0 1 1 2 1 1 1 1 1 0 2 0
229 0 1 1 2 1 1 0 2 1 0 0 1
230 1 1 1 1 0 1 1 0 1 0 0 1
231 1 3 0 1 0 0 1 1 1 1 1 2
232 1 1 0 0 1 2 0 1 0 1 2 0
233 2 1 0 1 0 0 0 1 1 0 2 2
234 0 1 2 1 1 3 2 1 1 1 1 0
235 1 0 1 1 3 3 0 2 0 2 1 3
236 2 2 0 2 0 1 2 1 1 2 0 1
237 1 0 3 2 0 0 0 0 0 1 0 0
238 2 1 1 1 2 1 2 0 1 1 2 0
239 1 0 1 0 0 3 0 1 0 1 2 0
240 1 1 2 2 2 1 0 1 1 0 1 1
241 1 1 0 0 0 1 1 0 0 0 1 1
242 0 2 0 1 1 1 1 1 0 1 0 1
243 0 0 0 0 0 1 0 1 0 2 2 1
244 0 1 2 1 0 1 0 1 1 0 0 2
245 0 0 2 1 1 0 2 1 1 1 1 2
246 1 0 1 0 0 1 1 0 0 0 0 1
247 1 1 2 1 1 2 1 1 1 0 2 1
248 1 0 1 0 1 2 1 1 0 2 1 1
249 2 1 1 2 1 1 1 2 0 1 0 1
250 0 0 0 1 0 1 0 1 0 0 3 0
251 1 2 1 1 1 1 1 1 1 0 0 1
252 1 1 1 0 1 0 0 0 3 3 0 1
253 0 1 1 0 0 1 0 1 2 2 0 1
254 1 1 0 1 1 2 0 1 2 1 0 2
255 1 1 1 1 0 0 1 1 0 1 2 1
256 2 0 1 3 0 1 0 0 0 2 1 0
257 1 0 1 0 1 1 0 2 0 1 0 1
258 1 0 1 1 2 0 0 1 1 2 1 0
259 0 3 0 1 1 0 2 1 0 1 0 1
260 0 2 1 3 0 0 1 0 0 0 0 0
261 1 0 1 2 1 3 0 0 2 1 2 1
262 2 1 0 1 1 2 0 1 1 1 0 0
263 2 1 0 1 1 1 0 1 1 1 0 2
264 0 0 1 0 1 2 0 0 0 0 0 0
265 0 1 0 1 2 1 0 1 2 0 1 1
266 1 1 1 1 0 1 1 2 1 2 1 1
267 1 1 2 0 0 0 0 0 1 0 2 0
268 2 1 0 1 1 1 1 0 0 1 1 2
269 0 1 1 0 1 1 2 2 1 1 0 0
270 1 0 1 1 2 1 0 1 1 1 3 0
271 1 2 0 1 0 1 0 0 1 1 0 0
272 1 1 0 1 1 1 1 2 1 0 1 3
273 1 0 1 2 0 1 1 1 1 0 1 0
274 1 1 1 0 0 1 1 0 1 2 0 1
275 0 0 1 0 0 0 1 1 0 1 0 0
276 1 0 0 0 0 1 0 1 1 1 1 2
277 1 0 1 0 1 0 0 0 2 3 1 3
278 0 0 1 0 0 1 0 1 1 1 0 1
279 1 0 1 2 1 1 0 0 1 0 1 2
T3
0 1 0 1 2 1 1 2 2 1 3 1 2
1 1 0 1 1 2 1 0 2 0 0 0 1
2 2 1 1 1 1 0 1 1 0 0 0 0
3 0 1 1 0 2 1 1 1 1 2 1 0
4 0 2 1 1 2 1 1 1 1 1 2 1
5 2 0 2 1 0 0 2 2 2 0 1 1
6 1 1 1 0 0 1 1 2 2 1 1 2
7 0 1 2 1 1 2 0 1 1 0 1 1
8 2 0 2 1 1 1 1 2 0 1 0 0
9 0 0 1 1 1 0 2 0 1 1 0 1
10 0 0 0 0 1 2 1 2 0 0 0 1
11 0 2 0 2 2 1 0 0 0 2 0 2
12 1 1 0 1 1 1 0 0 0 0 2 3
13 1 1 0 0 1 1 0 1 1 1 0 0
14 0 0 1 1 0 0 1 0 1 1 0 0
15 0 1 0 1 2 1 2 0 1 2 0 0
16 1 0 0 1 1 0 0 2 0 1 1 0
17 1 2 1 0 0 1 1 0 0 1 1 1
18 0 0 1 2 1 1 1 0 1 1 1 0
19 1 0 1 1 2 0 0 1 1 0 0 0
20 0 0 2 1 1 2 0 1 1 0 1 1
21 0 0 2 0 1 0 2 0 1 1 0 0
22 0 2 0 0 1 1 1 0 0 1 1 1
23 1 1 1 1 1 3 1 0 1 0 1 1
24 1 0 0 2 1 1 0 1 0 1 2 0
25 1 1 1 0 2 0 0 0 0 1 1 0
26 0 1 2 1 1 2 1 1 1 0 0 0
27 2 0 1 0 0 0 1 1 0 1 0 0
28 1 1 0 1 0 0 1 1 1 0 0 0
29 0 2 1 0 0 1 0 1 1 2 0 0
30 0 0 1 0 0 1 1 0 1 1 1 2
31 2 1 1 2 0 1 1 0 1 2 1 1
32 0 0 0 1 0 1 0 1 2 1 2 0
33 0 0 0 0 1 1 2 1 0 0 0 1
34 0 3 0 1 2 1 1 1 1 1 2 1
35 2 0 1 0 0 1 2 1 2 2 1 0
36 1 0 1 1 1 2 3 1 1 0 2 1
37 2 1 0 3 1 1 2 1 0 0 0 1
38 1 2 2 1 1 0 2 0 1 2 1 0
39 1 1 0 1 1 0 2 1 1 0 3 1
40 1 2 1 1 1 2 0 1 1 1 2 1
41 1 1 2 1 2 2 0 0 0 1 0 1
42 1 2 1 1 1 2 1 1 1 2 1 1
43 1 2 0 1 1 0 0 2 0 1 1 1
44 1 1 1 1 2 1 1 0 2 1 0 0
45 2 0 0 0 2 3 0 1 0 2 0 0
46 1 1 0 0 4 1 0 1 0 1 1 0
47 0 3 2 1 1 1 1 0 1 2 0 0
48 0 0 0 0 0 0 2 1 1 1 0 0
49 0 1 1 0 1 0 1 0 1 0 2 1
50 1 1 1 0 1 2 1 0 1 2 0 1
51 0 2 0 0 1 1 0 2 1 0 0 0
52 1 0 1 1 1 2 2 2 1 2 0 2
53 1 1 0 2 0 2 2 1 2 0 1 1
54 2 1 1 2 1 2 0 0 1 0 0 0
55 2 2 1 1 1 2 1 1 1 0 1 1
56 0 0 0 1 0 1 2 2 1 1 0 1
57 3 2 0 0 2 0 2 0 2 1 1 0
58 1 1 1 0 0 1 1 1 1 1 0 1
59 2 2 0 1 0 0 1 2 2 1 1 1
60 1 0 1 1 1 1 1 0 2 2 1 2
61 1 0 0 0 1 1 1 1 1 0 1 1
62 1 1 0 0 0 1 0 1 1 0 2 1
63 3 1 2 0 1 0 0 0 1 0 1 1
64 2 1 1 0 1 0 1 1 1 2 1 1
65 1 1 1 0 1 0 2 0 2 4 1 0
66 0 0 1 1 1 0 1 0 0 1 0 1
67 0 1 2 1 2 0 1 1 1 1 1 1
68 0 1 1 0 2 1 1 1 0 1 0 1
69 0 2 1 2 0 2 0 2 0 0 1 1
70 0 1 2 1 0 0 0 2 2 1 1 1
71 1 2 0 2 1 0 1 0 1 1 2 0
72 0 3 1 1 1 0 0 0 0 0 1 0
73 1 2 1 0 1 2 0 0 2 1 0 0
74 1 0 1 0 1 0 0 0 2 1 1 1
75 2 2 1 2 1 1 0 1 1 0 0 0
76 2 0 0 1 1 0 1 1 3 1 2 1
77 1 1 1 1 1 1 0 0 0 0 1 1
78 0 0 1 1 1 1 1 1 2 1 1 1
79 0 0 1 1 1 0 1 1 1 2 0 1
80 1 2 1 1 1 0 2 1 0 0 0 0
81 0 0 1 2 0 1 1 0 1 1 1 0
82 0 2 1 0 1 1 1 0 0 0 1 2
83 1 1 1 2 1 0 2 3 1 1 1 0
84 2 1 1 0 1 0 0 1 1 0 1 1
85 2 0 2 2 1 1 0 1 0 1 0 0
86 1 1 1 1 0 0 1 1 1 0 1 2
87 2 0 1 0 2 0 0 0 3 1 0 0
88 0 1 1 0 1 2 0 1 2 1 0 1
89 0 0 2 2 0 0 1 2 0 0 0 1
90 1 1 1 1 0 1 3 1 0 2 2 1
91 2 2 1 0 2 1 1 1 0 0 0 1
92 0 1 2 2 1 1 1 1 0 1 3 0
93 2 0 0 1 1 1 0 1 1 1 0 1
94 0 1 0 1 2 1 0 2 1 0 1 0
95 1 0 0 0 1 1 1 1 1 0 0 1
96 2 0 1 1 0 1 0 0 3 1 2 1
97 1 0 1 0 0 2 0 1 0 0 0 1
98 0 1 2 1 1 0 0 1 1 0 0 1
99 1 1 0 2 1 2 2 1 2 0 0 0
100 1 0 1 2 2 2 1 0 0 2 1 2
101 1 2 2 1 1 0 0 0 0 0 1 1
102 0 0 0 1 0 2 1 1 1 1 1 0
103 1 3 0 1 1 1 0 1 2 1 1 1
104 1 0 3 1 0 0 0 2 2 0 1 2
105 0 0 1 0 1 1 1 0 2 3 0 2
106 1 1 0 1 1 0 1 1 1 0 0 1
107 1 0 0 1 0 1 0 1 3 0 1 1
108 1 1 0 0 0 2 1 2 1 1 2 1
109 0 1 1 1 2 1 2 1 1 0 2 0
110 1 1 1 0 1 0 1 1 2 0 0 0
111 0 0 1 1 2 2 1 1 1 0 0 1
112 0 1 1 2 2 0 2 0 2 1 1 1
113 1 2 1 0 0 1 2 0 0 1 0 1
114 1 0 1 1 2 0 1 1 1 1 0 1
115 1 1 1 0 1 2 0 1 0 0 1 0
116 1 3 1 1 1 0 0 2 1 0 1 0
117 1 0 0 1 0 0 3 1 1 1 1 1
118 1 2 1 0 1 1 0 0 1 1 1 1
119 3 1 1 0 1 0 1 0 1 1 2 1
120 1 1 1 1 2 0 1 0 0 2 1 0
121 1 2 1 3 2 0 1 0 1 0 1 1
122 2 0 1 0 2 0 2 2 0 1 2 0
123 0 0 2 1 1 1 2 0 0 2 1 1
124 1 0 1 1 0 1 0 0 2 1 1 2
125 0 2 0 1 1 1 0 1 1 0 1 1
126 0 1 0 2 1 0 0 1 0 1 2 1
127 1 3 0 2 2 0 2 0 1 0 0 1
128 1 2 1 2 1 1 1 1 2 1 1 1
129 1 1 1 1 1 1 1 1 1 1 1 2
130 0 2 1 1 1 1 1 1 0 2 0 1
131 1 0 0 0 0 1 1 2 1 1 0 0
132 0 1 0 1 1 1 1 0 0 1 1 1
133 0 1 2 2 1 1 1 0 0 0 0 0
134 1 0 1 2 0 0 0 2 1 1 2 0
135 1 0 0 1 1 2 0 1 1 0 1 0
136 0 0 0 1 0 1 1 2 2 1 0 1
137 0 1 0 1 1 0 0 2 2 0 2 3
138 2 1 0 0 2 1 1 0 0 0 2 0
139 1 0 2 1 1 2 0 2 2 1 1 1
140 2 0 0 1 1 1 1 1 0 1 0 1
141 1 1 1 1 1 0 1 0 1 0 2 1
142 0 2 1 1 0 0 1 0 1 0 0 2
143 0 0 0 1 0 1 0 1 0 0 2 1
144 1 1 0 1 1 0 0 2 0 1 1 2
145 1 0 0 2 2 0 1 0 0 1 0 2
146 2 0 1 0 0 1 2 1 0 2 1 1
147 1 2 0 1 0 1 0 1 2 1 2 0
148 2 0 1 1 0 1 1 1 1 1 1 0
149 1 3 1 1 1 0 0 1 0 2 2 1
150 0 0 1 2 1 1 1 2 1 5 1 1
151 1 1 0 3 2 1 0 2 0 0 1 1
152 1 0 0 1 1 1 1 1 1 0 1 0
153 0 0 1 2 0 0 1 0 0 0 1 2
154 1 0 0 1 1 1 2 0 0 1 1 1
155 1 1 1 1 1 0 2 2 0 1 1 2
156 1 0 2 0 0 0 1 2 1 0 1 0
157 1 0 2 1 0 1 1 1 0 2 1 1
158 1 1 1 1 0 1 0 1 1 0 2 1
159 0 1 1 1 0 1 2 0 1 1 1 0
160 1 1 0 0 2 0 0 0 1 1 1 0
161 1 1 1 3 3 1 1 2 1 1 2 1
162 1 2 1 1 1 0 0 0 1 0 1 2
163 1 2 0 0 3 1 1 1 0 1 1 2
164 2 1 2 1 2 0 1 0 2 1 0 0
165 2 1 1 2 2 2 0 1 1 0 1 0
166 1 1 1 2 0 2 2 0 1 1 0 0
167 2 1 1 0 1 0 0 1 1 0 1 0
168 0 1 0 0 1 1 1 1 1 1 0 1
169 1 1 2 1 1 2 1 1 1 0 1 0
170 0 1 2 0 2 2 2 0 1 0 1 1
171 0 2 1 1 0 4 0 1 1 2 2 1
172 2 1 1 0 2 0 2 0 1 0 0 1
173 0 2 0 0 0 1 1 1 2 1 0 2
174 1 0 1 1 2 1 0 1 1 0 2 1
175 0 1 1 0 1 1 1 1 1 1 1 0
176 0 1 0 1 1 2 2 1 1 0 0 1
177 1 2 0 1 1 1 0 1 1 1 2 1
178 1 0 2 0 2 1 1 0 0 0 1 1
179 1 0 1 0 2 1 0 0 0 0 0 2
180 1 3 1 1 1 0 1 2 1 0 0 1
181 0 1 2 0 0 2 1 0 0 1 1 0
182 1 0 1 0 0 1 2 1 1 0 2 1
183 1 1 1 1 0 1 0 2 0 2 0 0
184 1 0 0 0 2 1 0 2 2 1 2 0
185 1 0 2 3 0 1 0 0 0 1 0 2
186 0 3 1 0 0 1 0 1 1 1 1 0
187 1 2 1 0 1 2 2 3 2 2 2 0
188 1 1 2 0 2 0 0 1 0 1 2 0
189 1 1 1 1 0 0 0 1 0 0 1 0
190 1 1 3 1 2 1 1 1 1 2 2 2
191 1 1 1 1 0 0 0 0 2 0 0 0
192 1 0 2 1 0 1 0 0 1 1 1 0
193 2 1 0 2 0 0 1 1 1 1 1 0
194 1 1 2 0 1 0 0 1 1 1 1 1
195 0 1 1 1 2 0 1 1 1 1 1 0
196 1 1 2 0 1 0 2 0 2 2 0 0
197 1 0 1 1 0 0 0 0 1 2 2 0
198 0 0 1 2 1 0 1 1 1 1 1 0
199 2 0 1 1 1 2 1 1 0 1 1 1
200 0 0 1 3 2 1 1 0 1 1 0 2
201 0 0 1 0 1 3 1 0 0 0 1 0
202 0 1 0 0 1 1 2 0 2 0 0 1
203 2 0 0 1 1 1 1 1 0 1 1 2
204 1 2 1 1 0 1 1 0 1 2 0 3
205 2 0 1 1 1 2 1 1 1 1 2 2
206 1 1 1 1 0 0 2 2 1 1 1 0
207 2 0 1 1 1 2 1 2 1 1 1 1
208 1 1 0 1 0 0 0 1 0 1 2 1
209 1 0 0 0 1 1 0 0 0 1 1 1
210 1 0 1 1 0 0 1 0 1 0 1 1
211 2 2 1 0 2 0 1 0 0 2 2 1
212 0 0 1 2 0 1 1 1 0 3 1 1
213 2 0 1 1 1 0 1 1 0 1 2 0
214 1 0 0 0 0 3 1 1 1 1 1 1
215 2 1 0 0 0 2 0 1 1 1 0 2
216 2 3 2 0 1 2 0 1 1 2 0 0
217 0 1 1 1 1 1 2 0 2 2 2 1
218 1 0 2 1 1 1 1 0 1 0 1 2
219 0 2 1 2 1 1 0 1 1 1 0 0
220 2 3 1 0 0 1 1 1 1 1 1 1
221 1 1 1 0 1 1 1 0 1 1 2 3
222 0 0 1 0 1 0 1 0 0 2 0 1
223 1 1 1 0 1 1 2 2 2 1 0 1
224 0 0 0 0 0 1 1 2 1 1 1 1
225 0 1 1 1 1 0 1 1 0 0 2 0
226 2 1 1 0 4 0 2 2 1 1 0 1
227 1 2 0 2 0 1 0 0 0 0 0 0
228 0 0 1 1 0 0 1 0 2 1 0 1
229 1 1 0 0 1 0 1 1 2 0 2 2
230 2 1 2 1 0 1 2 1 1 0 0 1
231 1 1 0 2 0 1 1 0 1 0 2 1
232 1 1 2 0 3 1 1 1 1 1 1 0
233 2 1 2 1 1 0 1 0 0 0 1 0
234 1 2 2 1 1 1 1 1 1 1 0 0
235 2 2 1 1 0 1 1 2 2 1 1 0
236 1 3 0 0 1 2 0 1 0 1 1 1
237 0 2 0 2 0 2 1 0 1 0 1 0
238 2 1 0 2 1 1 2 0 1 1 0 0
239 0 2 0 0 2 2 1 0 1 0 1 2
240 0 0 0 1 2 0 1 0 1 1 0 2
241 2 2 1 0 1 2 1 1 2 1 0 1
242 1 2 0 1 2 2 1 2 2 1 1 0
243 1 1 2 2 0 1 0 1 0 1 1 1
244 1 0 2 0 1 1 0 0 0 1 0 1
245 0 2 1 2 1 0 1 0 3 0 0 0
246 0 2 1 1 0 0 0 0 0 1 0 1
247 0 0 0 0 1 1 0 1 1 0 1 0
248 2 1 1 1 0 0 1 0 1 1 1 2
249 2 0 0 1 2 0 1 0 1 0 1 2
250 0 0 2 1 1 1 1 1 1 1 0 1
251 2 2 2 2 1 2 3 0 0 2 0 1
252 0 0 0 1 1 2 4 1 0 0 1 2
253 0 0 1 0 1 1 2 2 2 0 1 1
254 0 1 0 2 0 1 1 0 2 0 1 1
255 1 1 1 2 1 2 1 0 0 1 1 1
256 1 0 1 0 0 0 0 0 0 0 2 2
257 1 1 0 1 2 0 0 1 3 3 0 1
258 0 2 2 2 1 0 1 1 2 0 0 1
259 0 0 2 2 0 0 1 0 0 1 1 0
260 1 2 1 0 0 0 1 1 0 2 0 2
261 1 0 2 1 1 0 0 1 0 1 1 0
262 1 1 0 1 2 1 1 0 0 0 1 2
263 0 1 0 0 2 1 0 0 0 1 0 1
264 0 1 0 1 1 1 0 2 2 1 1 1
265 1 2 0 0 1 0 2 1 1 2 0 1
266 2 0 0 1 1 1 2 0 1 0 0 1
267 0 0 0 1 1 1 1 2 2 0 0 1
268 0 1 0 0 1 0 1 1 1 1 0 0
269 1 0 1 1 3 0 0 1 0 0 1 1
270 2 1 0 1 1 2 0 1 1 1 0 0
271 0 1 1 0 2 1 1 0 1 1 1 0
272 2 0 1 0 1 4 1 2 1 1 0 1
273 0 2 1 1 0 2 2 0 1 1 1 1
274 0 0 2 0 0 1 1 2 2 1 3 2
275 0 2 1 3 0 2 2 1 2 1 0 1
276 0 0 1 1 2 1 2 1 1 0 2 1
277 1 2 1 1 3 1 1 2 2 1 1 1
278 1 1 1 1 1 2 0 1 0 3 0 0
279 0 0 1 1 3 0 2 2 2 0 1 1
T4
0 1 0 1 0 0 0 0 1 1 1 0 0
1 1 1 2 0 1 0 1 2 1 0 1 2
2 1 0 1 2 1 1 1 0 2 0 1 0
3 2 2 0 0 0 0 2 1 0 1 0 0
4 0 1 1 1 1 0 2 1 2 1 2 0
5 0 1 0 0 1 2 1 1 1 0 2 1
6 2 1 0 0 2 1 1 1 0 2 0 0
7 1 0 2 1 0 0 0 1 1 1 2 0
8 1 0 0 1 1 1 1 1 0 0 1 1
9 0 0 0 0 2 0 0 1 1 1 1 2
10 2 0 0 1 0 1 2 1 1 0 0 1
11 1 3 1 0 0 0 1 1 0 1 0 0
12 1 0 0 1 2 2 2 2 1 2 0 1
13 1 2 1 1 0 1 1 1 2 0 1 0
14 0 1 0 1 2 1 1 1 0 0 1 1
15 2 0 2 1 0 1 0 1 1 1 0 1
16 1 1 1 1 2 1 2 1 1 1 1 1
17 1 1 1 1 1 0 0 1 0 0 2 0
18 3 0 1 1 1 1 2 1 0 2 1 0
19 1 0 0 1 0 1 1 2 2 0 1 0
20 1 0 1 1 2 1 0 1 1 2 2 2
21 1 0 0 2 0 1 0 1 1 0 2 0
22 1 1 1 2 0 0 0 1 2 1 1 1
23 1 1 0 2 0 0 1 0 1 0 1 1
24 0 1 0 0 3 1 0 2 1 0 1 1
25 0 1 1 1 1 1 0 1 0 1 1 1
26 0 0 1 1 3 0 0 0 2 0 2 0
27 1 1 1 1 2 1 0 1 2 0 2 2
28 1 0 0 1 1 2 1 1 0 2 0 0
29 1 1 2 1 1 1 2 1 0 0 1 1
30 1 1 1 1 2 1 1 0 1 0 1 1
31 0 0 1 1 1 1 0 1 0 1 2 0
32 2 1 2 1 3 0 2 1 2 1 1 2
33 3 0 0 1 2 1 1 1 0 1 1 0
34 0 2 1 1 1 0 1 1 0 3 1 0
35 1 1 0 2 1 1 1 1 1 0 2 1
36 1 1 0 1 1 2 0 0 0 1 0 1
37 1 2 1 0 2 2 1 0 1 4 1 0
38 1 1 1 0 3 2 0 1 0 0 0 0
39 2 1 0 1 0 1 0 1 1 0 1 2
40 1 1 0 0 1 3 1 2 0 2 0 1
41 2 1 1 1 0 1 1 1 0 0 1 1
42 1 1 2 0 1 1 0 2 0 1 0 2
43 0 2 0 1 0 0 2 1 1 1 1 0
44 3 2 1 2 2 1 0 1 1 2 1 1
45 0 0 2 1 2 1 2 0 2 1 0 1
46 2 2 1 2 1 0 0 0 0 0 1 0
47 1 2 0 1 1 2 0 0 1 0 0 0
48 0 0 1 1 0 1 1 3 1 0 1 0
49 0 0 2 0 2 0 2 0 1 0 1 0
50 1 0 3 3 3 1 1 1 1 1 1 2
51 1 1 2 0 0 1 1 2 1 1 1 2
52 1 0 0 0 1 1 3 0 0 0 0 0
53 1 0 1 0 0 1 0 1 1 1 2 1
54 0 0 1 3 1 0 1 2 0 0 2 2
55 1 1 1 1 0 0 2 0 1 1 0 1
56 2 0 1 1 0 1 2 0 0 1 1 2
57 1 2 0 2 1 2 3 0 0 0 2 0
58 1 0 2 2 2 2 1 1 1 0 2 2
59 2 1 1 1 1 0 1 1 1 0 1 1
60 1 1 0 1 1 0 0 2 0 0 1 1
61 2 0 0 1 1 1 0 0 1 2 1 2
62 1 2 1 0 1 0 1 0 1 1 0 0
63 0 1 1 1 1 1 1 0 2 1 1 0
64 1 1 0 1 1 2 1 2 1 1 1 1
65 1 2 2 1 0 2 1 2 2 1 1 2
66 0 2 1 0 0 1 0 1 0 1 0 0
67 1 2 1 0 0 1 2 0 0 4 1 1
68 2 1 1 1 1 1 0 1 0 2 0 1
69 1 0 1 1 2 1 1 2 1 1 1 0
70 1 0 0 0 1 1 0 0 1 1 1 1
71 1 0 1 2 0 1 1 1 1 0 0 1
72 0 1 0 0 0 1 1 1 1 0 1 1
73 2 2 0 0 0 0 3 1 3 1 0 1
74 0 1 3 1 1 1 2 0 1 0 2 1
75 2 0 0 2 1 1 2 0 2 0 1 1
76 0 2 1 0 0 0 1 0 2 1 3 1
77 0 1 0 0 1 0 1 1 1 1 2 2
78 1 2 1 1 1 1 1 2 0 1 1 0
79 2 1 2 1 0 2 1 2 3 0 0 0
80 2 0 2 0 1 0 0 2 1 0 0 1
81 1 2 1 1 2 1 1 1 1 1 1 0
82 1 0 1 1 1 2 1 0 1 1 2 0
83 2 1 2 0 1 1 0 0 1 0 1 1
84 1 2 2 1 0 1 0 3 1 2 1 1
85 1 2 1 1 1 1 1 0 0 1 0 0
86 1 0 1 1 2 3 1 0 0 1 1 1
87 2 0 0 2 0 2 1 0 0 1 1 1
88 0 1 1 2 1 2 1 1 0 2 1 0
89 1 2 1 1 2 1 1 0 2 2 1 1
90 1 1 1 2 0 2 0 2 2 1 0 0
91 1 0 2 2 1 1 3 1 2 0 0 1
92 2 0 0 0 0 0 1 1 1 1 1 2
93 1 1 1 1 1 0 0 1 2 0 0 1
94 1 1 0 1 1 1 0 1 0 0 1 1
95 1 1 0 0 1 1 1 1 0 1 0 1
96 1 0 1 2 0 1 0 0 2 0 0 0
97 2 3 0 0 1 1 1 1 0 1 2 0
98 0 0 1 0 1 0 2 0 0 0 0 3
99 1 1 1 2 1 1 1 1 1 0 1 1
100 0 0 1 0 2 2 0 2 0 1 1 1
101 0 0 1 2 1 1 1 1 1 1 1 2
102 2 0 0 1 1 1 0 1 1 0 1 1
103 0 0 0 1 0 1 1 0 1 0 1 1
104 2 1 1 0 2 0 1 0 0 0 1 2
105 2 2 0 0 0 0 1 1 1 0 0 1
106 1 0 2 1 0 1 1 1 1 0 2 0
107 0 2 1 1 1 0 0 1 0 0 0 2
108 0 3 1 0 0 2 1 1 1 2 0 1
109 1 0 1 1 2 1 2 2 1 0 0 0
110 1 2 0 2 0 2 0 2 1 1 2 1
111 1 1 1 1 1 0 2 1 1 1 0 1
112 0 2 1 2 0 1 0 0 1 0 2 1
113 1 2 1 0 1 0 0 1 2 0 2 1
114 0 1 1 0 0 1 1 0 2 2 1 1
115 0 1 2 0 0 1 1 1 1 1 0 0
116 1 1 1 2 0 1 1 0 2 1 1 0
117 1 1 3 1 1 1 0 2 0 1 2 1
118 1 1 1 1 1 0 1 1 1 2 0 0
119 1 1 1 0 1 1 0 0 0 1 0 1
120 0 0 0 1 0 1 1 2 1 0 1 1
121 1 1 1 1 1 1 1 0 1 1 1 1
122 0 0 2 0 1 0 1 2 0 1 1 1
123 2 1 1 0 3 1 2 0 1 1 2 1
124 0 1 0 2 2 0 1 1 0 0 0 0
125 1 1 1 1 0 1 0 1 0 2 2 1
126 2 1 0 1 1 1 2 0 0 0 1 0
127 1 2 1 0 1 2 1 0 0 1 1 1
128 0 1 0 1 1 2 1 0 0 1 0 2
129 1 1 1 0 2 0 1 0 1 0 1 2
130 1 1 1 1 1 1 0 0 1 1 1 0
131 1 0 0 0 2 0 2 0 2 0 2 1
132 1 1 1 1 1 0 2 2 1 0 1 1
133 0 0 3 1 1 2 1 1 1 2 2 0
134 0 2 1 1 0 0 1 1 1 2 2 0
135 1 0 0 0 1 0 2 0 1 1 1 0
136 1 1 0 1 0 1 1 0 0 2 2 1
137 1 0 1 1 0 1 1 2 0 1 1 0
138 1 1 1 1 1 0 0 2 1 2 0 0
139 2 0 0 1 0 1 1 2 0 2 1 1
140 1 0 0 1 2 1 0 1 0 1 0 0
141 1 1 1 3 2 0 3 2 1 0 1 1
142 0 1 1 1 0 1 0 0 1 2 0 0
143 0 3 0 1 1 1 1 2 1 1 2 1
144 0 1 1 1 0 2 0 0 2 0 1 2
145 2 0 1 0 1 1 0 1 1 0 1 0
146 1 1 1 1 1 2 2 0 1 1 1 3
147 0 0 3 1 1 0 2 1 0 0 1 0
148 1 1 0 1 1 1 1 2 0 2 0 0
149 1 0 1 0 0 1 1 2 2 0 0 0
150 0 0 0 0 0 1 1 1 0 1 0 3
151 1 0 1 0 1 1 0 1 3 1 1 2
152 1 1 1 0 0 0 0 1 0 1 1 1
153 1 2 0 0 1 2 2 2 0 0 1 2
154 1 2 0 1 0 1 0 1 1 3 1 0
155 0 1 1 2 0 0 0 1 1 0 0 0
156 0 1 2 3 1 1 0 1 0 0 1 2
157 1 3 1 0 0 1 0 1 1 2 2 2
158 0 1 2 1 1 0 1 0 0 1 2 1
159 0 1 1 0 1 0 1 1 0 2 2 1
160 0 0 1 2 1 0 0 1 0 1 0 0
161 0 0 1 0 2 1 1 1 2 0 1 2
162 1 1 1 0 0 0 1 2 1 2 1 1
163 1 1 3 1 1 2 1 1 0 1 1 1
164 1 1 0 1 0 1 0 1 1 2 1 1
165 1 1 1 0 2 1 2 0 0 1 0 0
166 1 0 0 2 1 1 1 1 1 0 1 1
167 1 0 1 1 0 1 1 0 2 0 2 2
168 1 1 1 1 0 0 1 1 1 1 1 2
169 3 0 1 1 1 0 0 2 1 0 1 1
170 1 1 1 1 1 0 0 0 1 0 1 1
171 2 0 1 0 1 0 3 1 1 1 1 1
172 1 2 2 0 1 1 1 1 1 0 0 0
173 0 0 2 1 0 0 1 1 2 0 0 2
174 0 0 1 0 1 0 1 0 0 2 2 2
175 0 0 0 0 1 0 0 1 0 1 1 2
176 1 2 2 1 0 1 1 1 1 2 1 1
177 1 1 1 1 1 0 1 0 2 2 1 1
178 1 1 1 1 2 2 1 2 0 1 0 2
179 0 0 1 1 0 1 0 2 0 0 0 1
180 0 0 1 4 2 1 1 0 1 1 3 1
181 0 1 1 1 1 1 1 1 2 2 0 0
182 1 0 0 1 0 1 1 1 0 2 2 0
183 1 1 3 1 0 1 1 1 0 0 1 1
184 0 0 1 1 1 1 2 1 0 1 0 1
185 2 2 1 1 0 1 0 1 2 1 2 0
186 0 0 1 1 1 0 0 1 2 1 2 0
187 0 1 1 1 0 0 1 0 1 0 0 1
188 1 1 2 0 1 0 0 0 1 2 0 2
189 1 0 0 1 0 2 0 0 1 2 0 2
190 1 0 0 0 0 2 1 1 1 0 0 1
191 0 1 1 0 2 0 1 1 1 0 1 0
192 0 0 2 0 2 0 2 0 0 0 0 1
193 1 0 0 1 3 2 1 1 1 1 0 1
194 1 1 1 1 0 0 0 1 2 0 0 1
195 1 1 0 1 1 0 0 1 2 2 0 0
196 0 0 1 0 1 0 1 1 0 1 1 0
197 1 1 1 1 1 1 1 3 1 0 1 0
198 0 1 0 2 0 0 0 0 0 3 2 1
199 1 2 0 1 0 1 0 1 1 1 1 1
200 2 1 2 1 0 3 1 0 1 1 1 0
201 1 0 0 1 0 2 1 1 2 0 2 0
202 0 1 1 1 2 3 2 0 2 3 0 2
203 0 1 0 0 1 0 0 4 1 1 1 2
204 1 1 0 1 1 2 0 2 0 2 0 1
205 1 0 1 1 2 1 0 2 1 0 2 1
206 2 2 2 0 0 0 1 0 1 0 0 2
207 1 1 1 1 1 1 2 1 2 1 0 1
208 2 0 2 1 2 2 1 1 3 1 1 1
209 1 1 1 1 1 1 1 1 0 1 2 1
210 1 1 0 1 1 1 2 2 1 0 1 0
211 0 0 1 1 0 1 0 1 0 0 1 2
212 0 1 1 2 0 0 0 0 1 1 2 1
213 1 1 0 0 1 2 1 0 3 1 1 0
214 0 1 1 1 0 1 1 2 0 2 0 1
215 1 2 2 1 1 1 2 2 1 1 2 0
216 0 0 1 1 0 1 1 0 0 1 2 1
217 1 1 1 1 1 1 1 2 1 1 1 1
218 1 1 0 2 2 1 2 1 0 2 0 0
219 0 1 1 2 0 0 1 0 2 1 0 1
220 0 0 2 1 1 2 0 0 0 0 0 1
221 1 1 1 1 1 1 1 0 0 1 1 1
222 1 1 1 0 1 1 0 0 2 2 0 2
223 0 1 2 0 1 1 1 0 2 0 1 1
224 0 0 1 1 1 1 0 2 1 0 2 2
225 0 1 0 2 0 0 0 1 0 0 1 2
226 1 1 2 0 1 1 1 0 0 2 0 0
227 2 1 2 2 0 0 0 0 1 0 1 1
228 1 0 1 0 1 0 1 2 0 1 0 1
229 0 0 0 2 1 1 0 1 0 1 3 1
230 0 0 1 0 1 1 1 0 0 0 1 2
231 1 0 1 0 0 1 1 0 2 1 1 0
232 0 0 1 2 0 0 1 2 0 1 1 0
233 0 1 0 1 1 2 1 1 0 0 2 3
234 1 0 1 1 0 0 0 0 1 2 0 1
235 0 2 0 0 0 0 3 2 2 1 0 1
236 0 1 1 0 0 2 1 2 0 0 1 2
237 3 0 0 2 1 2 1 0 3 2 0 0
238 0 0 0 0 1 0 2 2 0 0 1 1
239 1 1 1 2 0 0 1 0 2 0 0 1
240 1 1 1 0 0 0 1 0 1 1 1 0
241 1 2 2 0 1 0 1 0 1 1 1 1
242 1 0 1 0 1 2 0 0 0 2 3 0
243 2 1 1 1 1 0 1 0 0 0 1 0
244 0 1 0 1 1 1 0 0 1 2 1 1
245 0 0 0 1 1 1 2 2 1 1 0 1
246 1 1 2 1 1 1 1 0 0 2 1 1
247 1 1 0 1 2 1 1 2 1 0 1 2
248 1 0 1 1 1 2 2 2 1 0 1 1
249 0 0 1 1 0 2 1 1 0 0 0 2
250 0 0 2 0 1 0 3 2 1 2 1 2
251 0 0 1 1 0 1 0 2 0 1 1 0
252 2 1 1 0 1 1 0 2 0 2 1 0
253 0 1 1 1 0 1 1 0 2 1 2 0
254 1 1 1 0 2 2 1 0 2 0 1 1
255 0 0 0 1 0 2 2 1 1 2 2 3
256 1 0 0 1 1 2 0 1 1 1 1 2
257 0 1 0 0 1 0 0 1 0 1 1 1
258 0 1 2 1 1 3 0 0 1 1 0 0
259 0 1 2 1 1 1 1 1 1 1 3 1
260 0 1 0 0 1 0 1 1 1 0 2 1
261 1 1 2 1 1 1 2 1 2 1 0 1
262 2 0 1 1 0 1 1 1 1 0 0 3
263 1 2 0 0 1 0 0 0 0 2 1 0
264 0 0 1 1 3 1 2 1 0 2 0 0
265 1 0 1 2 0 1 1 0 1 1 1 1
266 1 1 1 3 0 0 0 1 0 1 1 1
267 0 1 0 1 1 1 0 1 0 2 1 0
268 1 1 1 1 0 1 1 0 1 1 2 1
269 2 1 0 2 0 1 1 3 1 1 1 1
270 0 1 2 0 0 1 1 0 0 1 2 2
271 1 0 0 2 0 0 1 1 2 2 0 1
272 0 1 1 1 1 0 0 1 0 0 1 1
273 0 2 0 1 1 1 1 2 1 1 0 1
274 1 3 0 0 2 2 1 1 2 1 1 2
275 1 1 1 3 1 1 0 0 2 2 0 2
276 0 1 1 0 2 0 0 1 0 1 0 2
277 0 1 1 2 2 1 2 1 2 1 1 1
278 0 0 0 1 0 0 1 2 1 1 1 0
279 2 1 0 0 1 0 0 1 0 0 1 1
T5
0 1 0 1 1 1 2 1 1 1 0 1 0
1 0 1 0 0 0 0 1 0 1 0 1 0
2 0 0 1 0 1 1 1 1 1 0 1 2
3 0 1 1 0 1 1 3 2 2 0 2 1
4 2 0 2 1 1 0 1 2 2 2 1 2
5 1 1 2 0 0 3 1 2 1 1 0 1
6 0 1 1 0 1 1 1 0 1 1 0 1
7 1 1 1 1 0 2 0 1 0 1 0 0
8 1 0 0 1 2 1 0 0 0 2 1 1
9 0 1 2 1 1 1 0 1 1 0 1 1
10 1 1 1 0 2 1 1 1 1 1 2 0
11 0 1 1 1 2 2 0 1 1 1 2 1
12 2 1 2 0 1 0 1 0 1 0 0 0
13 2 1 1 1 1 2 1 1 1 0 1 1
14 2 0 1 3 0 1 1 1 0 3 2 2
15 2 0 2 3 1 1 0 0 0 1 0 0
16 2 2 0 1 0 2 0 1 0 1 2 2
17 1 2 0 2 0 1 4 1 1 1 0 1
18 2 1 0 0 1 1 1 1 1 1 0 1
19 1 1 0 1 2 2 1 1 1 2 1 1
20 1 1 2 1 1 0 1 0 1 1 0 0
21 0 0 0 1 1 1 2 2 0 1 1 1
22 1 0 1 0 1 1 0 0 1 1 1 0
23 0 0 1 1 0 0 0 0 2 2 0 2
24 1 1 1 1 1 2 0 1 0 0 0 1
25 0 0 2 0 1 1 2 0 1 1 2 0
26 2 2 1 0 1 1 1 1 1 0 0 0
27 1 2 0 2 0 2 0 0 0 1 0 2
28 1 1 3 0 2 1 1 1 2 2 1 0
29 1 1 0 1 2 1 0 0 1 1 1 0
30 0 2 3 2 0 2 1 1 1 0 1 1
31 1 1 0 1 1 1 0 1 1 0 1 1
32 1 0 1 1 0 1 1 0 0 1 2 0
33 1 0 2 2 0 1 1 1 1 1 1 1
34 0 1 1 0 0 0 0 0 0 0 0 1
35 0 2 1 2 1 2 1 1 1 2 0 0
36 1 1 0 0 1 0 0 1 2 0 3 0
37 0 1 2 1 0 0 1 1 1 1 1 0
38 0 2 0 1 2 1 1 0 1 1 1 0
39 1 0 1 1 1 1 1 1 0 1 1 0
40 0 1 1 1 0 0 2 1 1 0 1 0
41 1 0 1 2 2 1 1 3 1 1 1 0
42 1 1 0 1 1 0 1 3 0 1 0 1
43 1 1 2 1 0 0 2 0 1 2 0 1
44 1 1 0 0 0 1 2 1 2 0 2 0
45 0 1 1 1 1 1 0 0 2 1 1 0
46 1 1 1 1 1 1 0 0 0 0 2 1
47 0 1 2 1 0 1 0 0 0 1 2 0
48 1 1 1 1 0 1 1 1 4 0 0 1
49 1 1 0 1 1 0 1 0 1 1 0 0
50 3 1 0 0 0 0 2 1 1 1 1 0
51 0 0 0 1 0 0 2 1 1 0 1 1
52 2 1 1 0 0 0 1 1 0 0 0 0
53 1 1 2 0 0 1 1 1 1 2 0 1
54 2 0 1 0 1 1 2 1 0 1 0 1
55 0 1 1 0 0 1 0 1 0 0 0 1
56 0 1 1 1 2 1 0 0 0 1 2 0
57 1 1 1 1 2 0 0 1 1 2 1 1
58 0 1 2 1 1 1 2 1 1 2 1 3
59 0 1 1 0 1 1 0 0 2 2 1 0
60 1 0 1 1 1 0 1 0 0 1 2 1
61 1 0 1 1 0 2 2 2 1 1 0 1
62 1 2 0 1 0 1 1 0 0 1 0 1
63 2 1 2 0 1 2 0 1 1 0 1 1
64 2 1 1 1 1 0 1 0 0 1 2 0
65 0 1 2 1 1 0 1 1 1 0 1 2
66 2 0 1 1 1 0 1 1 2 1 1 1
67 0 1 4 0 2 0 1 2 0 1 0 2
68 1 1 0 0 0 2 1 0 2 3 2 3
69 0 1 1 1 1 0 2 1 2 0 2 2
70 1 1 0 1 1 1 1 0 1 1 0 0
71 1 0 0 2 1 0 1 1 0 0 0 1
72 1 1 1 1 1 1 0 0 2 2 0 0
73 1 2 1 1 0 1 0 2 2 2 1 1
74 1 1 0 1 1 1 0 2 0 1 0 0
75 1 1 0 0 0 0 0 1 1 1 1 0
76 1 1 1 2 1 3 1 1 1 1 1 1
77 1 1 0 1 1 0 0 0 2 0 0 0
78 1 0 1 0 0 1 1 0 0 0 1 0
79 0 2 1 1 1 0 0 2 0 1 1 0
80 0 0 1 0 3 1 0 3 2 1 1 1
81 1 0 1 0 1 0 1 0 1 1 1 1
82 0 0 2 0 2 2 0 1 0 0 2 0
83 1 0 0 1 0 0 1 2 1 1 0 2
84 0 1 0 1 1 0 0 1 1 1 1 3
85 2 1 1 0 1 1 0 1 1 1 0 2
86 1 1 2 2 1 1 0 0 0 0 2 0
87 1 1 1 2 1 2 0 0 1 1 0 2
88 2 1 1 1 0 1 1 0 1 1 3 1
89 1 2 1 1 2 3 0 2 1 0 1 0
90 1 0 1 1 0 1 3 1 1 1 1 1
91 0 1 0 2 0 1 0 1 1 2 2 0
92 2 0 0 1 0 0 0 2 1 0 0 0
93 0 0 1 2 1 0 0 0 1 1 0 1
94 1 1 1 1 0 1 1 2 1 0 1 1
95 2 1 1 1 1 0 0 1 0 1 1 1
96 1 1 1 0 1 0 0 0 0 2 1 0
97 0 0 2 1 2 2 1 0 2 1 0 0
98 0 1 1 1 1 0 0 0 1 1 1 1
99 1 1 1 0 2 2 1 1 2 0 2 2
100 0 1 2 2 1 1 0 2 0 1 1 1
101 1 0 2 3 1 1 0 2 0 1 1 0
102 0 1 1 1 1 1 0 1 0 1 1 0
103 1 1 1 0 2 1 2 1 2 1 2 0
104 1 1 1 0 1 2 2 2 1 0 0 1
105 0 1 1 1 0 0 0 0 2 1 1 0
106 0 1 2 0 1 1 1 0 1 1 0 0
107 0 1 0 0 1 2 3 3 1 1 0 3
108 2 1 3 1 1 2 1 1 1 0 1 1
109 2 2 1 0 1 0 3 1 1 1 1 1
110 0 1 1 1 1 1 1 1 3 2 0 1
111 1 0 1 0 1 0 1 0 0 0 2 0
112 1 1 1 1 2 1 1 1 2 0 1 1
113 0 1 0 2 0 1 1 1 2 0 0 0
114 0 0 1 0 0 1 0 0 0 2 0 0
115 1 0 2 2 1 1 0 1 2 1 1 0
116 1 1 1 0 1 1 1 1 2 0 0 1
117 0 0 1 1 3 0 0 0 0 1 2 1
118 1 0 1 0 0 2 1 1 0 1 1 0
119 2 0 0 1 1 1 0 2 1 1 1 0
120 1 1 0 1 1 0 1 1 1 3 1 0
121 1 3 1 1 1 2 0 0 1 0 1 1
122 1 1 1 2 1 1 1 0 2 1 1 2
123 1 2 1 1 1 0 1 1 0 1 1 2
124 0 1 1 0 1 0 1 1 2 2 0 1
125 2 0 1 1 0 0 1 1 2 1 1 2
126 1 1 0 1 0 1 1 1 1 0 1 0
127 1 1 1 2 1 1 1 2 1 1 0 1
128 1 1 1 1 0 0 0 1 1 1 2 1
129 1 2 0 1 2 1 1 1 1 3 1 0
130 1 1 0 2 1 0 1 0 1 1 1 2
131 0 1 1 1 0 1 0 1 0 1 0 0
132 1 1 1 0 0 0 1 0 1 1 0 2
133 1 2 0 0 1 1 1 0 0 2 1 2
134 0 0 0 0 0 1 0 2 2 0 1 0
135 2 0 0 2 0 0 1 0 0 1 1 0
136 1 1 2 1 1 0 0 0 3 2 0 1
137 2 0 1 0 1 1 1 1 0 1 3 1
138 1 1 1 1 1 0 1 1 1 3 1 2
139 0 1 1 0 1 1 1 0 0 1 1 0
140 0 1 0 1 1 4 1 1 1 0 1 1
141 0 0 0 0 1 2 1 2 3 0 2 2
142 1 0 0 0 0 1 1 2 0 1 1 1
143 0 1 2 1 1 1 1 0 0 1 1 1
144 1 2 1 0 0 0 1 1 1 1 1 0
145 0 1 2 0 2 0 0 1 1 2 1 1
146 2 1 1 1 1 1 0 0 0 0 0 1
147 1 1 0 1 1 1 2 0 1 1 1 0
148 0 1 0 1 0 1 0 0 1 0 0 0
149 2 1 3 0 0 0 1 0 1 0 1 1
150 1 0 1 0 0 1 0 1 0 1 1 2
151 1 1 1 0 1 0 0 0 2 1 1 2
152 1 1 1 0 2 1 1 3 1 1 1 1
153 0 0 2 0 0 1 0 1 2 2 1 1
154 1 2 0 2 2 1 1 2 1 0 1 0
155 1 1 1 2 1 1 0 1 1 1 0 1
156 0 2 1 1 1 2 1 0 1 0 1 1
157 2 1 1 1 0 1 0 1 1 1 2 0
158 1 2 1 1 2 0 1 1 0 1 0 0
159 1 1 1 1 2 0 0 0 2 1 0 1
160 0 1 0 1 1 0 1 0 1 2 1 1
161 0 2 2 0 0 0 1 1 1 1 0 0
162 2 1 0 0 2 1 0 0 0 0 0 2
163 0 1 1 2 3 2 2 0 2 1 1 1
164 1 0 1 1 1 1 1 1 2 1 1 1
165 1 1 0 2 0 2 1 1 1 0 1 0
166 0 2 1 0 1 0 1 0 2 1 0 1
167 1 1 1 1 1 2 0 0 2 0 1 1
168 2 3 2 0 1 0 0 0 0 1 1 1
169 1 0 0 0 1 1 2 1 2 1 1 1
170 1 1 1 1 1 1 0 0 1 1 0 1
171 0 1 0 2 0 1 1 1 1 2 0 1
172 2 0 1 1 1 1 1 1 1 2 1 1
173 0 2 2 2 1 2 0 0 1 2 2 1
174 0 2 0 2 1 2 1 0 1 1 1 1
175 1 0 1 1 2 1 1 2 1 1 1 0
176 1 1 0 2 0 0 0 1 1 0 1 2
177 2 0 1 2 1 1 1 1 1 1 2 1
178 0 1 1 1 0 1 0 1 0 2 1 2
179 0 2 1 0 2 0 2 1 0 1 1 0
180 0 2 0 0 1 0 1 1 1 1 0 1
181 2 1 0 0 0 1 1 0 2 3 2 0
182 0 1 0 3 0 0 1 1 0 1 1 2
183 4 2 0 1 0 0 1 1 1 1 1 0
184 0 0 1 1 2 0 1 0 0 1 0 1
185 0 0 2 1 1 0 0 1 1 0 2 1
186 1 0 1 1 0 2 0 1 0 0 1 0
187 1 0 0 2 1 1 0 0 1 1 1 0
188 1 0 0 1 0 1 1 0 1 2 0 2
189 0 1 1 1 0 1 1 2 0 1 0 1
190 0 2 2 1 1 2 1 1 1 2 0 0
191 2 1 0 1 0 1 0 0 0 1 1 0
192 1 2 0 0 0 3 0 0 2 1 1 2
193 3 0 0 1 0 1 1 2 0 0 0 1
194 0 0 0 1 1 1 2 0 1 2 0 1
195 1 1 0 0 0 1 1 2 0 1 1 1
196 1 0 1 0 0 0 1 1 1 1 0 1
197 1 1 0 1 1 1 1 2 0 0 1 1
198 0 1 1 2 0 0 0 1 0 0 0 1
199 0 0 1 1 0 1 1 1 2 1 1 2
200 0 1 1 2 1 1 0 0 0 0 0 1
201 1 0 2 1 1 2 0 1 2 0 1 1
202 0 0 0 0 2 0 2 1 0 0 0 0
203 2 0 0 1 1 1 0 1 2 1 1 1
204 2 2 1 1 1 0 0 1 1 0 0 1
205 0 0 1 1 1 0 0 2 1 1 0 2
206 1 1 2 0 0 1 1 2 1 0 1 1
207 0 2 2 1 1 1 0 1 0 0 2 2
208 2 0 0 0 2 1 1 0 1 3 1 0
209 2 1 0 1 0 2 0 1 1 0 0 1
210 1 1 0 3 1 1 1 1 1 0 1 1
211 1 0 1 0 1 0 1 0 1 2 1 1
212 1 1 0 1 0 1 0 1 1 2 0 1
213 0 1 0 0 1 1 1 0 0 1 0 1
214 1 0 0 1 2 0 2 2 1 1 0 1
215 0 1 2 2 1 0 0 1 0 1 1 0
216 1 1 0 2 0 1 1 1 1 1 0 2
217 0 1 1 1 0 1 0 0 1 1 2 2
218 0 0 0 4 1 2 0 0 1 1 1 0
219 1 1 0 1 0 1 0 1 1 0 1 2
220 1 1 0 1 1 1 2 0 0 0 0 1
221 2 2 1 1 0 1 1 0 1 2 0 2
222 0 0 1 2 1 2 2 1 0 1 2 1
223 1 0 0 1 1 1 1 0 1 1 2 2
224 1 0 0 0 1 1 0 0 1 1 0 2
225 2 2 1 0 1 1 3 0 0 0 1 2
226 0 0 0 1 0 1 1 0 3 1 0 1
227 1 2 0 1 2 0 2 0 1 1 0 0
228 1 1 0 2 2 1 0 2 0 2 1 2
229 1 0 0 1 1 1 1 1 2 2 1 1
230 1 0 1 1 0 2 2 2 1 0 0 0
231 1 1 1 0 0 1 1 1 0 0 0 1
232 1 1 2 0 0 2 0 1 1 2 1 0
233 1 1 1 3 1 0 1 1 0 1 0 0
234 0 2 1 0 0 2 0 1 1 0 0 2
235 0 2 1 0 1 1 0 0 1 1 1 1
236 1 0 2 1 2 2 0 1 0 2 1 1
237 2 2 1 0 1 1 1 0 0 2 3 0
238 1 1 1 1 1 1 0 2 1 0 0 1
239 1 0 0 1 0 0 1 0 2 0 2 1
240 1 1 3 1 3 1 1 0 0 1 2 1
241 1 1 1 1 1 1 0 2 0 2 1 1
242 0 1 2 1 1 0 1 1 0 1 1 0
243 2 2 0 1 0 1 1 2 2 0 0 0
244 1 0 1 1 0 1 0 1 1 2 2 1
245 0 2 0 2 0 1 3 0 3 0 1 0
246 2 1 1 0 1 0 1 0 1 1 0 1
247 1 1 0 1 0 0 3 0 1 1 1 2
248 1 3 2 0 0 0 1 0 0 1 1 2
249 0 0 1 0 1 0 0 2 1 0 0 0
250 1 0 1 0 2 0 2 1 1 2 1 0
251 1 1 0 2 0 0 1 2 0 1 2 1
252 1 1 2 0 3 1 1 0 1 0 1 2
253 0 1 0 1 1 1 1 1 2 1 0 0
254 0 1 0 0 1 0 0 2 0 1 0 1
255 1 0 2 1 0 1 0 1 2 0 1 1
256 1 0 1 0 1 1 1 1 0 0 2 0
257 1 0 1 0 1 2 0 0 1 0 1 1
258 1 0 0 1 2 1 0 0 3 2 1 2
259 2 1 0 1 0 1 1 0 1 0 2 0
260 1 2 0 1 2 0 1 0 0 1 0 1
261 2 0 1 0 1 2 2 1 1 0 1 1
262 0 2 0 2 0 1 1 1 0 1 1 2
263 2 1 0 0 1 0 1 1 1 1 1 0
264 3 0 1 1 1 1 0 1 0 1 1 0
265 0 0 1 0 0 1 1 1 0 0 0 1
266 2 1 1 1 0 1 1 0 1 0 0 0
267 1 0 1 0 0 0 1 1 1 1 1 1
268 0 1 0 0 1 0 0 1 1 3 0 2
269 2 1 1 2 0 0 1 2 0 0 0 1
270 0 0 2 0 0 0 1 1 1 0 0 2
271 1 1 0 1 2 0 0 0 1 1 1 1
272 1 1 1 0 2 1 0 0 1 0 1 0
273 0 0 2 2 1 3 0 0 1 2 1 0
274 0 1 1 1 1 1 1 0 3 1 1 1
275 0 2 1 0 0 1 0 0 1 1 0 1
276 1 0 1 3 1 1 0 1 1 4 1 0
277 0 0 0 0 0 0 2 2 0 0 1 1
278 1 3 0 1 0 1 0 1 0 1 1 2
279 0 1 1 0 1 1 0 1 1 1 1 1
T6
0 1 0 0 1 0 1 0 1 0 0 2 3
1 0 1 0 2 1 1 1 1 2 1 2 1
2 1 0 1 0 0 0 0 0 0 2 1 2
3 1 1 2 0 1 1 0 0 1 1 1 1
4 0 0 1 1 0 3 2 1 1 2 0 2
5 1 1 1 0 1 1 1 1 1 2 1 0
6 1 0 1 1 0 1 0 1 0 0 1 2
7 1 2 3 1 1 1 1 0 0 1 1 1
8 1 1 2 1 1 1 0 1 1 0 1 2
9 1 0 1 1 1 0 0 1 0 0 1 0
10 1 0 1 1 1 1 1 0 0 0 1 1
11 3 0 1 1 0 1 1 1 0 1 1 2
12 0 1 1 0 0 1 0 0 2 2 0 1
13 0 0 0 0 0 1 2 0 0 1 1 0
14 0 1 1 1 0 0 1 1 1 1 1 2
15 1 1 0 1 0 1 2 1 1 0 1 0
16 0 1 0 0 1 1 1 1 1 2 1 1
17 2 1 0 2 1 0 1 1 0 1 0 1
18 1 1 0 0 2 1 1 2 0 0 1 1
19 1 1 1 1 0 3 1 0 1 2 2 0
20 0 1 1 1 1 0 2 0 0 3 2 2
21 0 2 0 1 1 2 0 1 1 1 2 0
22 1 1 2 2 0 2 0 1 0 1 1 1
23 0 0 1 1 2 0 1 2 0 2 1 1
24 1 2 2 0 2 0 1 0 2 2 1 1
25 0 1 0 1 1 2 0 1 2 1 0 1
26 1 0 0 1 1 1 1 0 1 1 1 0
27 0 0 0 1 1 0 1 2 1 1 2 0
28 1 2 1 1 0 1 1 2 2 1 2 0
29 0 1 1 1 1 0 1 2 3 0 0 2
30 1 1 1 1 1 1 1 2 1 1 1 1
31 1 1 0 1 0 1 1 1 1 0 1 0
32 2 0 3 2 1 0 1 0 1 1 1 1
33 1 1 0 1 1 1 1 1 0 1 0 3
34 0 2 0 1 0 1 2 1 0 2 1 0
35 0 2 0 0 3 1 2 1 1 1 1 0
36 0 2 1 0 1 1 1 0 0 1 1 3
37 1 0 2 0 0 0 1 3 1 0 2 0
38 0 1 1 1 2 1 2 1 0 0 0 1
39 0 2 0 0 0 1 2 2 1 0 0 0
40 0 1 1 1 1 0 2 1 2 1 1 0
41 1 0 1 3 1 0 0 2 1 2 1 1
42 1 1 1 0 1 1 2 0 1 2 0 0
43 0 0 1 1 0 1 1 0 0 1 1 1
44 1 1 0 0 1 2 1 1 1 2 0 1
45 0 1 0 3 0 3 2 1 0 2 0 1
46 1 0 1 2 0 1 2 1 2 1 0 1
47 0 1 1 1 1 0 0 2 1 0 0 1
48 0 2 1 3 2 1 1 1 0 1 1 0
49 2 0 1 1 0 1 1 1 1 1 3 2
50 0 2 2 1 2 0 0 1 0 1 1 1
51 0 1 0 1 1 1 0 0 1 1 0 1
52 0 1 2 1 2 0 1 3 1 2 1 0
53 1 1 0 0 2 0 0 0 1 1 3 0
54 1 1 1 0 1 0 1 1 3 1 1 2
55 1 2 3 0 1 0 0 2 1 2 0 2
56 3 1 1 0 1 1 0 1 0 2 0 1
57 0 1 0 1 0 0 1 0 2 2 0 1
58 0 0 2 1 1 1 1 2 1 2 0 0
59 0 1 0 2 0 1 0 1 0 1 1 1
60 1 1 3 0 2 1 2 0 1 2 2 1
61 2 0 0 0 3 2 3 1 0 0 0 1
62 1 1 0 2 1 1 0 1 1 0 0 0
63 1 0 0 1 0 0 1 1 0 3 2 2
64 1 0 1 2 0 1 0 2 1 1 0 1
65 1 1 2 0 1 0 0 3 1 0 0 1
66 1 2 0 0 2 2 0 2 2 1 1 1
67 2 2 1 1 1 1 0 0 1 0 0 1
68 0 2 0 1 1 1 0 1 1 1 0 0
69 0 0 2 0 1 0 1 0 0 1 0 1
70 1 0 1 0 3 0 1 0 1 1 1 1
71 1 1 1 0 1 0 2 0 1 1 1 0
72 1 1 0 2 1 0 0 0 2 3 0 0
73 1 0 2 1 0 1 1 1 0 1 0 1
74 1 1 1 0 1 0 2 1 0 0 1 0
75 1 1 1 1 1 0 1 0 0 0 1 0
76 1 1 1 0 1 1 0 1 0 1 0 1
77 2 1 2 0 0 1 1 1 1 0 1 2
78 1 1 0 0 0 0 0 1 1 1 3 0
79 1 0 0 1 2 2 1 1 0 0 2 1
80 1 0 1 1 0 0 0 0 0 3 1 1
81 1 2 1 0 0 1 1 1 1 1 1 0
82 0 0 1 1 1 0 1 0 0 1 1 2
83 1 0 0 1 1 0 0 1 1 1 1 0
84 1 1 1 2 0 1 0 1 2 1 0 0
85 2 1 2 1 2 1 1 1 1 1 0 1
86 0 1 3 1 0 0 1 1 1 1 2 0
87 1 1 2 2 0 1 1 1 0 1 1 2
88 1 1 1 0 1 0 1 1 0 0 0 1
89 0 1 0 2 3 1 0 1 0 0 2 1
90 2 2 2 1 1 1 1 1 0 0 2 1
91 2 0 0 1 2 2 0 2 1 0 0 0
92 0 1 0 1 0 1 0 1 1 0 2 1
93 1 1 1 2 1 1 1 3 1 2 1 0
94 0 0 1 0 2 1 1 0 1 0 2 1
95 3 2 0 1 1 0 0 1 1 2 1 1
96 0 0 0 0 1 0 0 2 2 1 1 1
97 2 1 1 2 1 1 2 0 1 2 2 1
98 1 1 1 1 1 0 1 1 1 1 1 0
99 1 0 0 0 0 1 2 2 1 1 0 1
100 0 0 2 1 0 0 1 1 1 0 0 1
101 2 2 1 1 4 1 1 0 0 1 1 1
102 1 2 0 1 1 1 0 0 0 0 0 1
103 1 0 1 1 2 1 0 1 1 2 2 1
104 0 0 1 1 1 0 1 1 1 1 0 0
105 0 2 1 0 1 0 0 0 1 0 2 0
106 1 0 1 0 2 0 0 0 2 1 1 0
107 1 0 0 1 1 1 2 0 1 0 2 1
108 1 0 0 1 1 1 1 1 2 1 1 2
109 1 1 1 0 0 0 1 0 1 0 1 3
110 2 2 0 1 0 1 1 1 0 2 1 0
111 0 0 2 2 0 0 1 1 0 1 1 1
112 1 1 2 1 1 1 1 0 0 2 1 0
113 0 1 1 0 2 0 1 0 0 1 0 0
114 2 0 0 2 1 0 1 0 0 1 2 2
115 1 1 1 0 1 0 1 1 1 0 0 0
116 0 1 0 1 2 0 1 2 1 0 1 1
117 1 0 0 1 2 0 1 1 1 1 0 0
118 1 0 0 2 1 3 0 1 2 0 1 1
119 1 3 0 0 0 1 1 0 1 1 0 1
120 0 0 0 1 2 0 0 0 0 0 1 1
121 0 2 0 1 1 1 1 1 0 0 0 0
122 1 2 2 2 1 0 1 1 0 0 2 2
123 0 1 0 1 1 0 2 0 0 1 2 1
124 1 2 1 1 1 2 0 2 2 0 1 0
125 1 1 1 1 2 2 3 0 2 1 2 1
126 1 1 0 0 2 2 0 0 1 2 1 1
127 2 1 1 0 0 1 1 0 1 1 2 1
128 0 1 0 1 2 1 1 0 0 1 0 2
129 0 0 2 2 1 2 1 0 3 1 0 2
130 0 1 0 0 1 1 1 1 1 1 0 1
131 3 2 0 0 0 0 0 0 0 0 1 2
132 1 2 2 1 0 2 0 2 1 0 1 2
133 0 2 2 0 1 0 2 0 1 1 1 1
134 1 0 1 1 0 0 1 0 0 1 0 1
135 1 1 0 1 1 1 0 1 1 1 2 0
136 0 1 0 1 0 1 1 1 2 0 3 2
137 1 0 1 1 1 1 1 1 0 0 0 0
138 0 1 0 3 1 0 2 1 2 0 1 2
139 0 0 0 1 1 1 1 2 2 1 1 0
140 1 1 0 1 0 1 1 2 0 0 1 1
141 1 0 1 0 1 1 1 1 0 1 2 0
142 0 0 0 1 1 0 0 1 1 1 2 1
143 1 0 0 1 0 0 0 0 1 3 0 2
144 0 1 1 2 0 1 0 0 2 0 0 1
145 1 1 1 1 0 0 0 1 0 0 1 1
146 2 0 1 1 0 0 1 1 0 0 0 0
147 1 0 1 1 1 1 2 1 0 0 1 2
148 0 0 1 2 0 1 1 1 1 1 1 0
149 0 1 2 0 1 3 2 1 0 2 1 1
150 0 1 0 1 0 0 0 2 0 2 0 1
151 1 0 0 1 0 1 1 1 1 0 0 0
152 0 1 2 1 0 0 1 1 1 0 1 0
153 1 1 0 0 0 2 1 1 1 1 1 1
154 1 0 1 2 1 1 0 0 0 1 2 1
155 1 1 1 0 1 1 0 0 1 0 2 0
156 0 1 1 1 1 1 1 2 2 2 1 1
157 0 0 1 2 1 1 1 1 0 0 1 0
158 1 0 0 0 1 2 1 1 2 1 1 0
159 1 2 0 0 0 1 0 2 1 1 1 0
160 0 1 1 1 2 0 1 0 0 0 1 1
161 0 1 0 1 1 1 1 0 1 0 0 1
162 2 2 1 2 1 0 2 1 0 1 0 0
163 1 1 0 1 0 0 1 0 2 1 0 0
164 2 0 2 2 0 0 1 0 1 1 1 1
165 1 1 0 1 0 1 0 0 0 1 0 0
166 1 0 1 1 2 0 0 0 1 0 1 2
167 0 1 2 1 2 0 2 0 0 1 1 1
168 0 0 0 0 0 1 0 0 1 0 1 1
169 1 1 0 2 2 1 0 1 2 2 2 0
170 0 1 0 1 0 0 1 0 1 0 1 0
171 0 0 2 0 0 1 1 0 1 0 1 1
172 2 0 1 0 2 0 0 0 2 1 2 1
173 0 1 0 2 3 1 1 0 1 1 1 0
174 0 1 1 1 0 2 1 1 1 0 0 1
175 0 1 2 1 0 0 2 2 0 0 1 0
176 1 0 1 1 1 0 2 0 0 0 1 1
177 1 0 0 1 1 1 2 2 1 0 3 0
178 0 2 1 1 0 0 2 1 1 1 2 2
179 1 0 1 1 0 1 2 0 1 1 1 0
180 1 3 2 1 2 1 2 0 1 1 0 1
181 0 2 1 1 0 1 1 1 2 3 1 1
182 1 2 1 1 2 0 0 1 2 0 1 2
183 1 1 1 1 1 1 0 1 0 0 2 1
184 2 0 1 2 2 3 3 0 0 1 1 1
185 1 1 1 0 0 0 0 2 1 0 0 1
186 0 2 2 1 0 0 0 2 1 2 4 0
187 1 1 0 0 2 0 1 2 2 1 1 0
188 2 1 1 0 1 0 1 1 0 2 0 0
189 0 1 0 1 0 3 2 1 0 2 1 0
190 1 1 2 1 1 2 1 0 1 1 1 1
191 1 1 2 0 0 0 0 1 0 1 1 2
192 0 0 1 0 1 1 1 1 1 2 1 2
193 1 0 1 0 3 0 1 0 1 0 1 0
194 1 2 1 1 0 0 1 2 1 1 0 1
195 2 1 0 0 0 0 1 0 1 2 2 1
196 1 1 1 1 2 0 0 0 1 1 0 0
197 1 2 1 0 0 1 2 0 2 1 1 0
198 1 0 0 0 0 2 1 1 1 0 0 1
199 1 1 1 0 0 1 0 0 1 1 1 0
200 0 0 1 1 0 0 0 0 0 0 2 2
201 1 0 0 0 1 0 1 0 0 0 0 1
202 1 1 1 0 0 2 1 0 1 0 0 1
203 1 2 1 3 0 0 2 1 0 0 1 2
204 1 1 2 1 0 2 1 1 1 1 2 2
205 1 1 1 1 1 1 1 0 0 0 1 1
206 2 0 0 1 1 1 0 1 0 1 0 1
207 1 0 2 1 0 1 1 1 1 0 1 0
208 1 2 0 2 1 0 0 0 0 0 2 0
209 1 1 1 2 1 1 1 1 1 1 1 2
210 1 1 1 0 0 1 1 0 1 3 1 1
211 2 0 1 1 0 1 0 0 2 1 1 2
212 0 2 3 1 0 0 1 0 2 1 1 1
213 1 2 1 3 2 1 1 1 1 2 1 0
214 0 1 1 1 1 1 1 1 1 1 1 0
215 1 0 0 1 1 1 2 1 0 1 1 1
216 0 1 1 1 2 1 1 0 1 1 0 1
217 1 3 0 1 1 1 1 0 0 1 0 0
218 1 1 1 2 0 2 1 0 1 1 1 1
219 1 1 1 0 1 1 0 0 1 1 2 0
220 0 1 1 1 1 0 1 0 1 0 1 0
221 1 1 0 0 1 1 1 1 1 1 1 0
222 2 0 1 0 1 2 0 1 2 1 0 0
223 1 1 1 2 1 1 1 1 0 1 0 1
224 1 1 0 1 1 1 1 0 1 1 1 2
225 2 0 1 2 1 1 1 1 1 2 1 1
226 0 1 2 2 2 1 1 1 1 1 1 3
227 2 1 0 0 1 2 0 0 0 1 1 1
228 1 0 0 2 0 1 2 0 0 2 1 1
229 2 3 3 0 1 0 2 0 0 1 0 0
230 0 0 2 2 1 0 0 1 2 1 2 1
231 3 1 0 1 0 1 1 0 0 2 1 2
232 3 1 0 0 1 1 1 1 2 0 0 1
233 1 2 1 1 1 0 0 0 3 0 1 1
234 1 0 2 1 1 0 0 1 0 0 0 1
235 1 1 1 0 1 2 1 1 2 2 0 1
236 1 1 0 1 1 2 0 2 1 0 0 1
237 0 1 0 0 1 2 0 0 0 1 0 1
238 1 1 0 0 1 1 0 0 0 2 1 1
239 1 1 3 3 0 1 1 1 0 0 0 2
240 0 0 0 1 0 1 0 2 2 1 1 1
241 0 1 1 2 1 0 1 0 2 0 0 1
242 2 0 1 1 0 0 1 0 0 0 0 2
243 0 2 0 0 0 1 0 0 1 0 1 1
244 0 1 0 1 2 0 1 0 1 1 1 0
245 0 0 0 1 2 1 1 1 0 0 1 1
246 1 0 1 1 3 0 1 2 1 1 1 2
247 2 2 1 1 1 0 1 2 1 0 2 0
248 0 1 0 1 1 1 1 0 0 0 1 1
249 3 2 2 1 1 1 1 1 3 1 0 0
250 1 1 1 1 0 0 0 1 2 1 1 1
251 1 1 0 1 1 1 0 2 0 0 1 1
252 1 1 2 0 0 1 1 1 2 2 0 0
253 0 2 1 3 2 0 0 1 0 2 1 1
254 1 0 3 2 1 0 1 0 1 0 0 0
255 1 0 1 1 0 0 2 1 0 1 0 0
256 0 1 2 0 1 1 1 2 0 0 1 1
257 1 0 1 1 1 0 2 1 2 1 2 1
258 0 1 2 0 0 0 1 0 1 0 1 0
259 1 1 1 1 1 0 1 1 1 0 1 0
260 1 1 0 0 0 0 1 1 1 3 0 1
261 0 1 0 1 1 1 3 0 0 2 1 0
262 0 0 2 2 1 2 0 0 1 2 0 1
263 1 1 1 0 0 1 0 0 1 0 1 1
264 0 1 1 1 0 2 0 0 0 0 1 1
265 1 1 1 1 1 1 0 2 0 0 1 1
266 1 2 1 0 1 0 1 0 2 1 1 3
267 1 1 0 0 2 2 2 1 1 0 1 3
268 1 0 1 1 1 1 2 1 0 1 0 0
269 2 0 1 1 1 2 1 1 1 1 0 1
270 0 1 1 0 1 1 2 1 3 0 0 0
271 0 0 1 1 1 0 0 1 0 1 1 1
272 1 0 0 1 0 0 1 0 2 1 1 0
273 1 2 1 1 0 1 1 0 3 1 1 0
274 2 1 1 1 2 1 0 1 0 0 1 0
275 1 1 1 0 1 2 0 2 0 1 0 1
276 1 0 1 0 1 1 1 2 2 1 1 1
277 1 2 1 1 1 0 1 1 2 0 1 0
278 2 0 0 0 2 2 1 0 2 0 1 0
279 1 0 0 1 0 2 2 1 0 3 3 0
T7
0 1 0 0 1 1 0 1 0 1 2 0 0
1 1 0 1 1 0 0 0 1 2 0 1 0
2 2 0 1 1 0 2 1 2 1 1 0 0
3 1 2 0 0 0 1 2 0 1 1 2 1
4 0 1 1 0 0 0 2 0 0 1 0 0
5 2 2 1 1 1 1 1 2 2 1 1 2
6 0 2 0 0 1 2 2 1 0 1 1 0
7 0 0 1 0 1 0 0 2 1 0 1 0
8 1 0 2 2 0 0 1 1 1 0 2 1
9 1 0 0 1 2 0 1 2 0 1 0 2
10 2 0 0 3 1 1 0 1 2 2 1 0
11 2 0 0 1 0 1 1 0 1 1 0 2
12 0 1 2 1 1 1 0 1 2 3 1 0
13 0 1 1 1 1 1 0 1 1 2 0 0
14 0 0 2 0 0 0 0 2 0 1 0 2
15 0 2 0 2 0 0 1 0 2 1 0 2
16 1 1 0 1 0 0 1 1 1 0 2 1
17 1 1 0 1 0 1 2 1 4 1 2 2
18 2 1 1 3 1 1 1 1 0 0 0 1
19 1 1 1 2 1 0 2 2 2 1 1 1
20 0 1 0 0 1 1 2 2 1 1 1 2
21 1 1 1 2 1 0 0 1 0 1 1 1
22 0 1 0 0 0 0 0 1 0 0 1 2
23 1 1 0 2 0 2 1 0 1 2 0 1
24 0 0 1 1 1 1 1 1 2 0 1 1
25 0 2 0 0 1 0 1 0 1 1 1 1
26 1 1 0 2 0 2 1 1 1 0 1 1
27 0 1 1 0 2 1 1 1 2 0 1 1
28 0 1 0 0 1 2 1 0 0 1 1 1
29 0 1 0 2 1 0 1 1 1 1 1 2
30 1 0 1 1 0 2 1 0 0 0 2 0
31 1 2 1 0 2 0 0 0 1 0 1 0
32 0 1 1 1 1 1 1 2 0 2 1 0
33 0 3 0 1 1 2 1 1 3 1 2 1
34 1 1 1 1 0 1 2 1 0 1 1 0
35 1 2 0 0 1 0 0 0 1 1 2 2
36 1 2 0 1 0 0 0 1 1 1 1 0
37 0 3 0 0 0 0 1 0 1 0 1 1
38 1 1 1 0 2 0 2 0 1 1 1 1
39 1 2 2 0 1 2 0 1 0 1 0 1
40 0 1 1 1 1 0 1 1 0 1 1 1
41 1 1 0 1 0 0 2 1 0 2 0 0
42 2 1 1 1 0 1 0 1 1 1 0 0
43 1 1 0 0 1 2 1 0 0 1 1 2
44 0 2 1 0 1 0 2 1 1 2 1 3
45 0 2 0 0 2 0 0 0 1 1 0 1
46 1 2 1 1 1 1 1 1 1 1 1 2
47 1 1 1 0 1 0 1 1 1 1 1 1
48 1 2 1 1 1 2 1 0 1 1 1 1
49 1 1 0 1 0 0 2 0 1 0 1 1
50 0 1 1 1 1 1 1 0 1 1 1 0
51 1 2 1 0 0 1 1 1 1 1 2 1
52 1 1 0 0 1 0 0 0 2 0 3 0
53 1 1 1 1 1 0 2 1 1 0 1 2
54 0 2 1 1 2 1 1 2 0 1 2 2
55 1 1 1 1 2 0 1 3 2 0 2 2
56 1 0 1 1 2 1 0 2 1 0 2 2
57 1 1 1 1 2 0 1 2 0 0 0 1
58 1 2 1 0 1 1 1 0 0 1 3 1
59 2 1 1 1 1 1 1 0 0 1 1 1
60 0 1 1 2 2 0 0 0 2 1 0 1
61 0 2 1 2 1 1 1 1 1 1 1 0
62 1 3 2 0 1 1 0 0 0 0 0 1
63 1 0 2 1 0 1 0 1 0 0 3 1
64 0 1 0 0 0 1 0 1 2 1 1 2
65 1 1 1 0 0 0 0 1 1 0 1 0
66 0 0 0 0 1 0 1 1 2 1 1 1
67 0 1 1 0 0 0 1 0 1 1 1 0
68 0 0 1 2 1 1 1 0 1 1 0 1
69 1 0 1 1 2 0 1 0 0 0 0 1
70 0 0 1 3 1 1 2 1 0 1 2 0
71 0 1 1 0 1 1 1 0 0 1 2 2
72 1 0 1 1 1 0 2 0 1 0 2 2
73 1 1 2 1 0 0 3 0 1 1 1 0
74 1 1 2 1 1 0 1 1 2 0 2 0
75 0 1 1 0 1 1 1 0 0 0 0 0
76 1 1 0 0 0 2 1 1 1 1 1 1
77 0 1 1 1 1 1 1 1 1 0 0 2
78 0 1 0 0 0 0 0 0 1 1 1 2
79 1 0 0 1 0 2 1 1 3 1 1 1
80 0 2 1 1 0 0 0 0 2 1 2 0
81 1 0 2 1 2 2 1 1 2 1 0 1
82 1 2 2 0 4 1 2 2 1 1 2 0
83 0 1 1 0 1 2 1 1 2 0 2 0
84 0 1 0 0 0 0 0 1 1 1 1 0
85 1 1 2 3 2 1 1 0 0 1 1 1
86 1 1 0 1 1 1 1 1 1 1 0 1
87 1 0 3 0 1 0 0 1 1 1 0 0
88 2 1 0 0 0 1 2 0 1 1 1 1
89 1 1 0 0 1 2 0 0 1 1 1 1
90 1 1 0 1 1 1 0 0 1 0 1 1
91 2 1 0 0 0 2 0 0 0 0 1 1
92 0 2 1 1 0 1 1 1 0 1 0 0
93 2 2 1 0 1 2 2 1 1 0 0 0
94 1 0 1 1 2 1 0 1 0 1 1 2
95 0 1 1 1 1 1 0 1 2 0 1 1
96 1 1 2 1 1 0 1 1 1 2 1 0
97 0 1 1 1 0 0 1 1 1 0 0 2
98 1 2 1 1 1 2 1 2 1 0 1 1
99 1 1 0 1 0 2 0 0 1 1 0 1
100 0 0 1 0 1 0 1 2 1 0 3 2
101 1 1 3 0 1 1 0 1 2 2 0 0
102 3 1 0 0 2 0 0 0 2 2 0 1
103 0 2 1 1 1 0 2 1 0 0 1 0
104 0 1 2 1 2 1 1 1 1 2 3 0
105 1 2 0 2 1 1 1 3 1 1 1 0
106 2 0 2 1 0 0 1 1 2 0 1 1
107 0 0 2 1 2 0 1 1 2 0 0 1
108 2 1 0 2 2 1 1 0 1 1 0 1
109 1 2 2 1 1 0 1 0 1 2 2 1
110 2 1 1 1 1 0 1 0 0 1 0 1
111 1 1 1 2 1 2 1 2 1 0 2 1
112 1 0 1 0 0 1 2 2 1 2 1 1
113 2 1 2 1 0 1 1 3 2 1 2 0
114 1 0 0 0 2 1 1 1 1 1 0 1
115 1 1 1 0 0 0 1 1 1 0 1 1
116 0 1 0 1 2 3 1 0 0 0 0 0
117 1 2 1 1 1 1 1 1 0 1 1 1
118 0 0 0 1 0 0 0 3 1 0 0 1
119 1 1 0 0 0 0 2 1 2 1 1 1
120 1 2 0 1 0 0 2 1 1 0 0 1
121 1 1 1 0 0 0 1 0 2 0 1 0
122 0 1 1 0 1 1 0 1 1 1 1 1
123 1 1 1 1 0 0 1 1 0 0 2 1
124 1 1 0 2 0 1 2 1 2 1 2 0
125 2 0 0 2 1 1 1 0 2 0 2 0
126 1 2 2 1 1 0 1 0 0 1 1 1
127 1 0 2 1 0 0 0 1 0 0 2 1
128 1 0 0 1 1 1 1 2 0 0 1 1
129 1 1 1 1 2 0 1 0 0 1 1 1
130 3 0 1 2 1 1 2 2 1 0 1 1
131 0 0 1 1 1 2 2 1 1 0 0 1
132 2 3 0 3 1 1 1 1 3 2 2 1
133 0 1 1 1 0 0 1 2 0 0 1 1
134 2 1 1 1 0 1 1 1 0 2 2 0
135 2 0 0 0 0 1 0 0 1 0 1 0
136 2 0 1 1 0 2 2 0 2 1 1 0
137 1 1 2 1 0 2 0 0 1 2 1 1
138 1 1 1 1 2 2 1 0 0 2 2 2
139 1 1 2 0 2 2 0 1 1 0 1 0
140 0 1 0 0 2 2 1 1 2 1 1 0
141 2 1 1 2 1 0 1 1 1 2 0 1
142 0 0 1 1 2 0 1 2 1 1 0 1
143 1 1 0 1 1 1 0 0 1 1 0 2
144 0 0 1 2 0 1 1 0 1 1 0 0
145 0 1 1 2 0 2 1 1 0 2 1 1
146 2 1 1 1 1 0 1 2 0 1 1 1
147 0 1 1 1 1 0 1 0 0 2 1 1
148 0 2 1 1 1 0 1 1 0 0 2 1
149 1 0 2 1 1 1 0 0 0 0 1 2
150 1 1 0 1 2 0 1 0 2 2 0 1
151 0 1 1 0 1 1 0 1 2 1 0 0
152 1 3 0 1 0 0 1 0 0 1 1 1
153 2 1 1 1 2 1 0 1 0 0 1 1
154 1 1 1 2 0 1 0 0 1 0 1 2
155 0 0 0 1 1 1 0 2 0 1 1 0
156 2 0 2 0 0 0 1 2 1 2 0 0
157 0 2 0 0 1 1 1 1 0 0 1 1
158 0 1 2 1 2 0 1 0 1 1 1 1
159 0 3 1 2 1 0 0 1 0 1 1 1
160 0 3 3 0 0 1 1 1 2 1 0 1
161 1 0 1 0 1 1 0 0 1 1 0 0
162 2 1 1 1 1 0 2 1 2 1 0 2
163 1 1 0 2 2 1 0 0 0 1 0 1
164 2 2 0 2 1 1 2 1 1 1 2 1
165 1 0 0 0 1 1 2 1 1 1 1 1
166 1 0 0 1 1 0 2 0 1 1 0 1
167 1 1 1 2 0 1 2 0 0 1 2 1
168 1 2 0 0 1 2 0 0 1 1 1 0
169 1 1 1 1 1 0 0 0 1 1 0 2
170 0 1 1 1 2 1 0 1 1 1 0 0
171 0 1 0 2 1 0 1 2 1 1 1 1
172 3 1 1 2 1 1 1 0 1 3 1 1
173 2 1 1 1 2 0 0 2 0 1 0 1
174 0 1 1 0 1 2 1 1 1 1 1 2
175 0 2 0 0 0 2 2 1 2 0 0 1
176 1 1 1 0 0 1 2 1 0 1 1 1
177 2 2 0 1 1 1 2 0 1 1 1 1
178 1 1 1 0 0 0 0 2 1 1 0 0
179 1 1 0 1 1 1 1 1 1 1 1 0
180 1 1 1 0 1 0 1 0 0 0 1 1
181 1 0 1 1 0 0 1 1 1 2 0 0
182 2 2 1 1 0 0 2 1 1 2 1 0
183 1 1 1 1 2 1 2 2 0 1 1 1
184 2 2 0 1 1 1 1 1 1 2 1 1
185 2 0 1 2 0 1 2 1 2 1 2 1
186 2 0 1 2 0 1 1 0 1 0 0 1
187 2 1 0 1 1 2 0 1 1 0 1 0
188 2 1 1 1 1 0 1 1 2 1 0 1
189 1 0 1 1 0 0 0 1 1 1 0 2
190 0 1 1 2 1 2 1 2 3 2 1 0
191 1 1 0 0 0 1 2 1 1 1 1 0
192 1 2 1 1 1 0 0 1 2 1 3 1
193 0 1 2 1 1 1 2 1 1 2 2 2
194 0 0 1 1 0 0 1 0 0 1 1 1
195 1 0 2 1 1 0 1 1 0 1 1 1
196 1 2 1 0 1 1 0 1 2 0 0 1
197 3 0 1 1 0 0 0 0 1 0 0 0
198 3 1 2 0 0 0 2 1 1 0 1 1
199 3 2 0 2 1 1 2 0 1 0 0 2
200 1 1 0 0 0 2 1 0 2 1 1 2
201 3 0 0 2 1 1 3 0 1 0 0 1
202 0 1 2 1 1 0 0 0 1 0 1 0
203 2 2 0 0 1 1 1 0 0 0 2 1
204 2 0 1 1 1 1 0 1 1 0 1 2
205 1 1 2 2 1 1 0 1 0 1 1 1
206 0 1 1 1 0 1 1 1 1 0 1 0
207 0 1 1 1 2 2 0 0 2 1 2 0
208 2 0 1 0 0 0 1 1 0 1 1 0
209 0 1 0 1 1 1 1 1 1 2 1 1
210 0 1 2 1 1 1 0 0 0 0 1 1
211 0 0 0 0 1 0 0 2 1 0 0 0
212 0 1 0 0 1 1 0 0 1 1 2 0
213 1 1 1 1 1 0 0 0 0 0 2 2
214 1 1 3 0 0 1 0 0 0 2 1 1
215 2 1 0 1 1 1 1 0 1 0 1 1
216 2 0 1 0 0 1 0 1 2 1 2 1
217 2 0 0 0 1 1 2 0 0 1 2 0
218 0 1 2 1 0 2 2 1 2 0 0 2
219 1 1 1 1 1 1 1 2 2 1 1 1
220 0 1 1 1 0 0 0 1 1 1 0 2
221 1 0 0 1 2 0 0 1 0 0 2 1
222 1 1 0 0 1 1 1 1 0 1 1 1
223 0 1 0 2 1 0 1 2 0 1 1 3
224 0 0 2 0 1 0 0 1 1 0 1 1
225 1 2 2 1 2 0 1 1 1 1 0 1
226 0 2 0 1 0 0 2 1 0 1 1 0
227 1 0 2 0 0 0 1 0 1 1 1 1
228 2 2 1 0 0 1 1 0 1 1 2 0
229 0 1 1 0 2 0 1 1 0 0 1 0
230 0 1 1 0 0 1 1 0 0 1 1 0
231 3 1 1 1 1 0 1 1 0 1 2 2
232 1 1 2 1 1 1 0 1 3 2 3 1
233 1 0 0 2 0 1 1 0 1 1 0 1
234 1 1 0 1 2 0 1 0 2 0 1 1
235 1 0 2 0 1 1 1 1 1 0 1 0
236 0 1 1 1 2 1 0 3 1 0 0 0
237 0 2 2 2 1 0 0 2 0 0 2 1
238 2 2 0 1 1 0 0 1 2 1 0 0
239 0 1 1 2 0 1 1 1 0 1 0 0
240 0 0 1 1 0 1 0 1 0 0 0 0
241 1 2 0 0 0 1 0 1 0 0 1 1
242 0 0 0 0 0 0 0 0 1 1 1 0
243 0 1 2 1 0 0 1 3 2 0 0 0
244 1 0 0 1 1 1 2 0 0 0 1 2
245 0 0 1 1 1 1 0 1 0 1 0 1
246 1 1 2 2 2 1 1 2 1 0 1 1
247 1 0 2 2 1 1 1 2 1 1 1 1
248 1 0 0 1 1 1 0 0 0 0 0 0
249 0 2 1 0 1 1 0 1 0 1 1 0
250 1 0 2 1 2 0 1 2 1 1 1 1
251 2 0 0 1 1 0 1 0 1 2 1 1
252 1 0 0 1 0 0 1 0 0 1 1 2
253 2 1 0 2 0 3 2 1 2 1 0 1
254 0 0 2 1 1 1 0 1 0 1 0 1
255 0 0 2 1 2 2 1 2 2 0 1 1
256 1 2 2 0 1 1 0 0 1 0 0 1
257 0 1 1 0 1 1 1 1 0 2 0 1
258 2 0 2 0 0 1 0 1 0 1 0 1
259 0 0 2 1 2 2 2 1 0 1 1 1
260 1 2 2 0 0 2 1 0 1 0 1 0
261 1 0 0 1 1 1 0 0 0 1 1 1
262 1 1 0 0 1 2 0 0 0 2 1 1
263 0 1 2 1 2 1 0 1 0 0 1 0
264 1 0 1 2 1 0 1 2 1 0 1 0
265 1 3 2 0 2 0 2 2 2 0 1 1
266 0 1 3 2 0 1 0 2 1 2 2 0
267 0 1 2 1 1 1 0 1 0 1 0 1
268 0 2 0 3 0 0 1 1 0 4 0 1
269 2 2 1 2 1 0 1 1 0 1 1 0
270 0 0 2 0 0 1 0 2 1 3 0 1
271 0 1 0 1 0 1 0 0 1 1 0 2
272 1 1 0 0 1 1 0 1 0 1 1 1
273 2 0 1 2 0 0 1 2 0 1 0 2
274 1 0 1 0 2 2 1 0 1 0 1 0
275 0 1 1 1 0 1 2 0 2 1 1 0
276 3 1 0 1 2 0 3 0 0 0 2 1
277 2 1 0 0 1 1 1 0 0 3 0 0
278 1 1 1 0 0 1 1 1 2 1 1 0
279 1 2 2 0 1 1 1 1 1 0 1 1
