T0
0 0 0 0 
1 0 0 0 
2 0 0 0 
3 0 0 0 
4 0 0 0 
5 0 0 0 
6 0 0 0 
7 0 0 0 
8 0 0 0 
9 15 0 11 
10 0 0 0 
11 0 0 0 
12 0 0 0 
13 0 0 0 
14 0 0 0 
15 0 0 0 
16 0 0 0 
17 1 0 1 
18 0 0 0 
19 0 0 0 
20 0 0 0 
21 0 0 0 
22 0 0 0 
23 0 0 0 
24 0 0 0 
25 0 0 0 
26 0 0 0 
27 0 0 0 
28 0 0 0 
29 0 0 0 
30 0 0 0 
31 1 0 1 
32 0 0 0 
33 13 0 3 
34 0 0 0 
35 0 0 0 
36 0 0 0 
37 75002 2221 18676 
38 0 0 0 
39 0 0 0 
40 0 0 0 
41 0 0 0 
42 0 0 0 
43 0 0 0 
44 0 0 0 
45 0 0 0 
46 0 0 0 
47 0 0 0 
48 0 0 0 
49 634 2 1 
50 0 0 0 
51 0 0 0 
52 0 0 0 
53 0 0 0 
54 1 0 0 
55 0 0 0 
56 0 0 0 
57 0 0 0 
58 0 0 0 
59 0 0 0 
60 0 0 0 
61 0 0 0 
62 2 0 1 
63 12 1 4 
64 0 0 0 
65 0 0 0 
66 0 0 0 
67 16 0 14 
68 0 0 0 
69 0 0 0 
70 0 0 0 
71 0 0 0 
72 0 0 0 
73 0 0 0 
74 0 0 0 
75 0 0 0 
76 0 0 0 
77 0 0 0 
78 0 0 0 
79 0 0 0 
80 3 0 3 
81 0 0 0 
82 18 4 0 
83 0 0 0 
84 0 0 0 
85 1 0 0 
86 20 1 0 
87 0 0 0 
88 110 2 22 
89 0 0 0 
90 0 0 0 
91 0 0 0 
92 0 0 0 
93 203 2 16 
94 0 0 0 
95 0 0 0 
96 0 0 0 
97 0 0 0 
98 0 0 0 
99 1 0 0 
100 0 0 0 
101 0 0 0 
102 0 0 0 
103 0 0 0 
104 0 0 0 
105 0 0 0 
106 0 0 0 
107 0 0 0 
108 0 0 0 
109 22 0 17 
110 0 0 0 
111 0 0 0 
112 0 0 0 
113 0 0 0 
114 0 0 0 
115 0 0 0 
116 0 0 0 
117 0 0 0 
118 0 0 0 
119 0 0 0 
120 0 0 0 
121 0 0 0 
122 0 0 0 
123 0 0 0 
124 0 0 0 
125 1 0 1 
126 0 0 0 
127 0 0 0 
128 0 0 0 
129 0 0 0 
130 0 0 0 
131 0 0 0 
132 0 0 0 
133 0 0 0 
134 0 0 0 
135 0 0 0 
136 0 0 0 
137 0 0 0 
138 0 0 0 
139 0 0 0 
140 3 1 1 
141 0 0 0 
142 0 0 0 
143 0 0 0 
144 0 0 0 
145 2 0 2 
146 0 0 0 
147 0 0 0 
148 0 0 0 
149 0 0 0 
150 0 0 0 
151 0 0 0 
152 0 0 0 
153 0 0 0 
154 0 0 0 
155 0 0 0 
156 0 0 0 
157 0 0 0 
158 85 0 37 
159 0 0 0 
160 0 0 0 
161 0 0 0 
162 0 0 0 
163 0 0 0 
164 0 0 0 
165 2 0 2 
166 1 0 1 
167 0 0 0 
168 0 0 0 
169 0 0 0 
170 1 0 0 
171 0 0 0 
172 0 0 0 
173 25 1 2 
174 0 0 0 
175 0 0 0 
176 31 0 17 
177 0 0 0 
178 0 0 0 
179 0 0 0 
180 0 0 0 
181 0 0 0 
182 0 0 0 
183 15 0 5 
184 0 0 0 
185 0 0 0 
186 9 0 4 
187 23 0 8 
188 0 0 0 
189 0 0 0 
190 0 0 0 
191 0 0 0 
192 16 0 14 
193 0 0 0 
194 0 0 0 
195 0 0 0 
196 0 0 0 
197 0 0 0 
T1
0 34 0 1 
1 89 2 2 
2 201 17 65 
3 113 1 1 
4 2 0 0 
5 0 0 0 
6 1 0 0 
7 266 4 3 
8 194 0 2 
9 1534 7 77 
10 3582 16 9 
11 65 1 10 
12 4 0 0 
13 334 2 149 
14 27 2 3 
15 14 0 0 
16 76 0 15 
17 3400 75 262 
18 0 0 0 
19 2 0 0 
20 2 0 0 
21 24 0 0 
22 126 1 2 
23 0 0 0 
24 1546 25 2 
25 88 0 2 
26 187 3 3 
27 75 4 5 
28 0 0 0 
29 0 0 0 
30 3 0 0 
31 83 0 0 
32 40 0 0 
33 2638 46 7 
34 3 0 0 
35 1 0 0 
36 687 1 8 
37 5885 1036 53658 
38 231 2 3 
39 0 0 0 
40 3 0 0 
41 30 1 0 
42 134 2 2 
43 14 0 1 
44 254 1 5 
45 35 1 0 
46 84 0 3 
47 1120 1 6 
48 1514 13 1 
49 78 6 324 
50 1 0 0 
51 1 0 0 
52 202 3 0 
53 789 14 3 
54 326 14 56 
55 3 0 0 
56 6 0 0 
57 1 0 0 
58 326 0 2 
59 4 0 0 
60 11 0 4 
61 2 0 0 
62 821 10 9 
63 16749 675 2202 
64 5 1 0 
65 1 0 0 
66 54 0 3 
67 18594 55 252 
68 23 1 0 
69 624 15 19 
70 1 0 0 
71 19 1 0 
72 2 0 0 
73 0 0 0 
74 19 1 0 
75 2 0 0 
76 1 0 0 
77 26 0 0 
78 131 6 16 
79 568 1 36 
80 393 7 24 
81 514 48 29 
82 21620 1681 7931 
83 233 20 57 
84 906 4 5 
85 1079 1 19 
86 59118 5475 7024 
87 19 1 2 
88 992 38 213 
89 112 0 1 
90 61 0 0 
91 15 0 0 
92 0 0 0 
93 8757 109 2893 
94 31 0 0 
95 188 0 27 
96 14 0 0 
97 0 0 0 
98 139 0 1 
99 247 4 8 
100 0 0 0 
101 3 0 0 
102 0 0 0 
103 46 0 4 
104 111 0 0 
105 798 8 6 
106 0 0 0 
107 3 0 0 
108 0 0 0 
109 1284 11 122 
110 13 0 0 
111 0 0 0 
112 90 0 2 
113 0 0 0 
114 2 0 0 
115 14 0 0 
116 316 3 4 
117 0 0 0 
118 94 1 1 
119 23 0 1 
120 10 0 0 
121 21 0 0 
122 115 4 3 
123 1 0 0 
124 3 0 0 
125 0 0 0 
126 4762 180 0 
127 102 0 0 
128 2 0 0 
129 2 0 0 
130 30 0 2 
131 115 1 1 
132 2385 7 1 
133 55 0 17 
134 875 6 5 
135 0 0 0 
136 313 3 0 
137 1 0 0 
138 22 1 0 
139 363 34 1 
140 377 24 16 
141 634 7 1 
142 1600 14 5 
143 494 0 33 
144 433 3 64 
145 365 1 14 
146 19 0 0 
147 0 0 0 
148 2 0 0 
149 1 0 0 
150 0 0 0 
151 175 20 4 
152 0 0 0 
153 511 0 16 
154 67 0 5 
155 222 2 1 
156 7 0 0 
157 0 0 0 
158 370 2 107 
159 178 0 7 
160 414 2 0 
161 0 0 0 
162 1 0 0 
163 274 0 0 
164 0 0 0 
165 28766 1772 2573 
166 81 0 2 
167 2 1 0 
168 0 0 0 
169 5 0 0 
170 1985 60 0 
171 7474 113 131 
172 1 0 0 
173 143 1 26 
174 0 0 0 
175 12 0 0 
176 564 1 26 
177 1 0 0 
178 16 0 1 
179 0 0 0 
180 50 0 1 
181 75 3 1 
182 1236 30 0 
183 34928 603 173 
184 1 0 0 
185 73 3 1 
186 144 2 34 
187 10375 289 59 
188 158 0 0 
189 43 0 0 
190 0 0 0 
191 70 0 15 
192 97 0 3 
193 52 0 17 
194 0 0 0 
195 0 0 0 
196 3 0 0 
197 3 0 0 
T2
0 992 36 149 
1 520 24 343 
2 2610 375 1087 
3 604 36 281 
4 22 2 6 
5 0 0 0 
6 22 3 7 
7 2765 143 837 
8 1207 24 607 
9 5096 60 4607 
10 11291 475 10962 
11 1415 19 855 
12 61 9 12 
13 1639 5 635 
14 3355 108 84 
15 61 5 25 
16 6647 55 562 
17 37555 5923 8739 
18 18 2 2 
19 52 1 27 
20 4 0 2 
21 574 34 37 
22 1216 50 435 
23 20 1 0 
24 41533 2716 22989 
25 50 1 114 
26 788 42 167 
27 525 34 357 
28 121 5 7 
29 5 1 4 
30 65 1 1 
31 38 0 109 
32 1123 43 329 
33 39968 3340 13178 
34 11 0 10 
35 32 0 8 
36 11013 146 4961 
37 5017 1362 5437 
38 3918 194 801 
39 0 0 0 
40 162 6 16 
41 320 24 35 
42 535 4 148 
43 902 13 302 
44 1654 47 796 
45 1102 37 309 
46 688 12 95 
47 5913 200 1747 
48 6377 357 4888 
49 0 5 319 
50 944 2 112 
51 15 0 8 
52 4842 242 463 
53 9609 506 1204 
54 3163 250 814 
55 222 7 48 
56 77 0 7 
57 38 0 6 
58 1226 43 167 
59 27 1 8 
60 103 3 12 
61 16 0 3 
62 3550 218 1990 
63 140307 20093 36975 
64 151 0 16 
65 9 1 2 
66 354 4 94 
67 124847 4543 94934 
68 1019 8 99 
69 1777 106 558 
70 13 0 6 
71 275 6 24 
72 686 6 127 
73 50 0 3 
74 47 6 9 
75 45 3 0 
76 8 0 2 
77 468 46 29 
78 1967 207 271 
79 1210 9 1381 
80 19684 638 3948 
81 6621 568 813 
82 63164 3612 53034 
83 1369 63 1039 
84 15134 726 9228 
85 13314 188 5084 
86 124819 19172 44576 
87 204 5 25 
88 10537 263 1004 
89 316 7 296 
90 1934 19 489 
91 281 14 74 
92 0 0 0 
93 1722 126 5304 
94 567 15 123 
95 1892 11 385 
96 576 7 216 
97 19 0 2 
98 609 9 132 
99 429 17 100 
100 0 0 0 
101 96 8 7 
102 51 1 15 
103 36 1 74 
104 1115 26 179 
105 2820 70 664 
106 9 2 0 
107 118 0 44 
108 18 2 3 
109 4176 81 3209 
110 70 0 16 
111 258 14 57 
112 353 3 148 
113 0 0 0 
114 5 1 6 
115 314 9 243 
116 9185 854 2623 
117 0 0 0 
118 2520 71 504 
119 71 3 25 
120 24 0 8 
121 292 5 101 
122 3094 141 390 
123 38 0 8 
124 13 0 6 
125 42 0 3 
126 30263 3749 74 
127 1343 13 1006 
128 8 2 7 
129 655 20 127 
130 635 22 186 
131 1116 54 223 
132 4806 175 31 
133 1453 8 221 
134 9201 206 2151 
135 0 0 0 
136 4345 133 204 
137 6 0 0 
138 191 8 53 
139 17474 2165 6981 
140 6219 412 637 
141 9222 394 1296 
142 19779 748 912 
143 6039 9 581 
144 8809 495 2089 
145 52396 455 3857 
146 131 0 84 
147 15 0 0 
148 13 0 13 
149 11 0 2 
150 0 0 0 
151 287 19 58 
152 4 0 0 
153 11120 109 1624 
154 345 5 237 
155 6668 128 976 
156 4 0 5 
157 50 0 6 
158 8670 9 695 
159 1021 14 251 
160 930 75 197 
161 0 0 0 
162 285 8 4 
163 3191 58 1055 
164 4 0 0 
165 175410 19510 79939 
166 228 7 99 
167 105 11 8 
168 0 0 0 
169 5 1 6 
170 13845 1705 0 
171 20589 1356 19269 
172 41 3 6 
173 256 4 189 
174 0 0 0 
175 242 10 11 
176 2212 47 2063 
177 22 0 1 
178 70 6 55 
179 0 0 0 
180 65 8 27 
181 809 35 147 
182 94355 2229 14918 
183 785101 47059 75026 
184 60 0 38 
185 6052 158 366 
186 7602 44 1405 
187 125625 20026 571 
188 385 12 324 
189 1635 6 357 
190 0 0 0 
191 215 10 102 
192 155 0 199 
193 277 2 54 
194 0 0 0 
195 1 0 0 
196 67 3 35 
197 25 3 2 
T3
0 7650 157 788 
1 360 5 426 
2 4917 183 2910 
3 45 14 357 
4 34 1 11 
5 0 0 0 
6 2 0 12 
7 6900 269 2192 
8 4205 46 1972 
9 450 34 1783 
10 1531 142 3980 
11 2269 24 1475 
12 32 2 32 
13 6201 5 3089 
14 25129 298 5515 
15 15 2 45 
16 26648 130 11480 
17 15279 3188 5986 
18 0 0 14 
19 81 2 34 
20 15 0 4 
21 4589 181 524 
22 1008 89 1159 
23 9 0 19 
24 269682 17387 102969 
25 3 0 20 
26 1356 75 557 
27 212 14 307 
28 78 1 101 
29 37 0 16 
30 288 2 94 
31 1 0 12 
32 3125 113 1479 
33 40534 4189 28543 
34 422 0 8 
35 555 58 178 
36 54469 442 19023 
37 738 2 1511 
38 14181 456 3627 
39 34 1 8 
40 304 10 121 
41 1485 36 268 
42 234 4 442 
43 1385 16 797 
44 329 49 1177 
45 771 42 1294 
46 150 5 463 
47 1721 105 4173 
48 3489 191 4952 
49 0 0 7 
50 1102 8 943 
51 0 0 8 
52 8613 203 6903 
53 24908 2419 2350 
54 11513 432 3347 
55 1415 26 496 
56 820 10 15 
57 0 0 33 
58 248 21 1319 
59 189 1 104 
60 285 2 107 
61 0 0 12 
62 2358 74 2800 
63 26328 7449 24795 
64 1411 11 349 
65 14 0 11 
66 313 8 388 
67 33295 3549 62887 
68 5227 22 1799 
69 452 47 797 
70 8 0 11 
71 2218 41 198 
72 2379 12 1448 
73 1059 6 39 
74 61 3 48 
75 549 19 21 
76 3 0 0 
77 2710 110 368 
78 1543 260 1222 
79 25 0 373 
80 98146 2939 44578 
81 13027 662 3996 
82 44539 1952 39599 
83 2275 57 1387 
84 8351 853 11827 
85 2230 92 8677 
86 44049 7838 82960 
87 311 3 154 
88 4721 523 11433 
89 256 2 160 
90 5239 16 3354 
91 813 36 301 
92 0 0 0 
93 459 27 1949 
94 405 14 649 
95 16529 118 4793 
96 723 7 707 
97 0 0 12 
98 277 13 561 
99 347 5 555 
100 1 0 0 
101 139 15 124 
102 20 2 20 
103 1 0 3 
104 366 20 1010 
105 362 31 3071 
106 0 0 0 
107 284 2 87 
108 54 1 24 
109 1577 23 2447 
110 1133 4 75 
111 689 46 501 
112 156 3 318 
113 0 0 0 
114 166 4 1 
115 4 1 79 
116 50066 5653 37525 
117 0 0 0 
118 4090 161 2448 
119 3 1 64 
120 106 0 18 
121 11 4 213 
122 4002 51 3887 
123 123 0 40 
124 2 0 8 
125 414 3 45 
126 10063 1865 95 
127 59 8 449 
128 269 15 192 
129 267 40 626 
130 6351 189 1719 
131 667 56 1154 
132 1118 53 0 
133 4862 23 1583 
134 40618 855 13045 
135 0 0 0 
136 5458 155 6041 
137 1 0 8 
138 623 2 203 
139 90932 12857 36605 
140 6835 409 2346 
141 10287 571 7155 
142 8533 515 5535 
143 32118 8 6674 
144 8343 658 8428 
145 264791 2643 88808 
146 170 0 133 
147 0 0 15 
148 3 0 5 
149 6 0 12 
150 0 0 0 
151 208 2 173 
152 247 8 4 
153 53446 242 34400 
154 2400 28 1009 
155 4029 107 4393 
156 0 0 6 
157 535 35 199 
158 20687 12 11278 
159 303 14 987 
160 124 29 1143 
161 0 0 0 
162 1308 53 200 
163 15672 311 7895 
164 477 4 4 
165 28859 6658 67862 
166 745 2 502 
167 3031 109 301 
168 0 0 0 
169 1 0 3 
170 17405 2106 0 
171 2631 317 8500 
172 16 0 30 
173 15 1 181 
174 2140 44 470 
175 255 11 172 
176 226 8 789 
177 1 0 23 
178 268 6 62 
179 0 0 0 
180 1 0 80 
181 162 9 735 
182 57957 1990 100072 
183 759068 50584 223214 
184 99 0 28 
185 13581 418 5860 
186 19143 191 11312 
187 106103 14833 496 
188 206 8 270 
189 1286 7 2050 
190 0 0 0 
191 597 0 145 
192 56 0 50 
193 94 0 275 
194 0 0 0 
195 192 33 5 
196 796 4 267 
197 23 1 16 
T4
0 19707 359 7354 
1 922 12 355 
2 3903 262 4262 
3 93 1 153 
4 118 6 49 
5 0 0 0 
6 1 0 3 
7 31273 576 9174 
8 14102 262 6273 
9 366 1 418 
10 919 55 1224 
11 8489 104 4176 
12 7 0 30 
13 13157 48 11917 
14 80264 1017 38391 
15 7 0 15 
16 24565 158 24692 
17 4315 510 1783 
18 4 0 1 
19 515 8 186 
20 47 0 24 
21 18325 525 4525 
22 923 29 645 
23 60 0 6 
24 793571 29972 450819 
25 0 2 2 
26 1541 79 1300 
27 89 1 141 
28 88 0 88 
29 62 0 55 
30 507 5 282 
31 6 0 4 
32 7322 145 5894 
33 18188 1263 23095 
34 2250 19 402 
35 270 16 560 
36 170579 3706 172617 
37 844 0 224 
38 47303 1474 19604 
39 213 4 151 
40 414 11 254 
41 3837 64 504 
42 1224 2 422 
43 4975 23 1892 
44 62 10 164 
45 401 5 468 
46 63 2 263 
47 1694 30 1551 
48 1211 39 1641 
49 0 0 0 
50 2518 35 2510 
51 2 0 2 
52 12121 207 7591 
53 14425 1217 20889 
54 38755 1410 10110 
55 2835 60 1905 
56 761 22 493 
57 104 0 0 
58 181 5 270 
59 407 3 173 
60 4070 67 999 
61 0 0 3 
62 444 3 1400 
63 16751 1420 10460 
64 2861 22 1385 
65 13 1 11 
66 177 2 267 
67 12383 736 16522 
68 7448 54 8176 
69 403 22 0 
70 1 0 6 
71 10243 466 2336 
72 1893 9 2055 
73 432 11 111 
74 56 2 45 
75 4320 62 3 
76 0 0 10 
77 9102 202 878 
78 445 97 1076 
79 12 0 4 
80 292225 9670 179175 
81 24867 1151 13045 
82 73243 2258 60820 
83 25345 873 10728 
84 983 132 1638 
85 4052 27 1954 
86 10269 2124 47893 
87 123 1 281 
88 1352 133 3276 
89 331 0 265 
90 9991 83 6828 
91 3369 71 1211 
92 0 0 0 
93 1279 16 706 
94 995 5 208 
95 20536 190 25521 
96 1668 21 1058 
97 0 0 5 
98 86 8 209 
99 512 6 343 
100 3 0 2 
101 343 10 123 
102 473 7 63 
103 0 0 0 
104 198 14 289 
105 125 1 210 
106 0 0 0 
107 1098 11 487 
108 548 5 64 
109 1497 6 2350 
110 971 4 1697 
111 986 49 697 
112 65 3 148 
113 0 0 0 
114 2640 103 689 
115 5 0 4 
116 115635 14271 90702 
117 0 0 0 
118 7249 231 4792 
119 2 0 4 
120 64 0 113 
121 35 0 1 
122 2628 17 3943 
123 526 4 129 
124 28 0 5 
125 8148 19 1529 
126 4713 314 17 
127 7 1 27 
128 1544 47 1039 
129 111 7 158 
130 12792 295 4811 
131 3107 122 526 
132 433 9 8106 
133 22196 97 12959 
134 125923 2434 52691 
135 0 0 0 
136 15106 202 8114 
137 0 0 0 
138 526 2 535 
139 142569 17518 99430 
140 15966 304 4650 
141 11477 374 7729 
142 8929 251 18454 
143 47837 77 59475 
144 6145 344 6154 
145 258608 4893 241343 
146 382 2 140 
147 0 0 0 
148 1 0 0 
149 11 0 12 
150 0 0 0 
151 43 1 375 
152 447 4 199 
153 89156 879 62877 
154 2971 49 2608 
155 1884 23 6519 
156 0 0 0 
157 724 18 541 
158 12021 3 22107 
159 84 0 202 
160 51 3 19 
161 0 0 0 
162 1161 27 547 
163 73544 1508 41376 
164 1401 30 118 
165 12901 382 0 
166 895 2 868 
167 5278 400 3016 
168 0 0 0 
169 292 7 65 
170 25361 1182 0 
171 549 19 1000 
172 140 4 47 
173 6 0 36 
174 3198 7 3424 
175 0 0 0 
176 110 2 121 
177 0 0 0 
178 207 1 248 
179 0 0 0 
180 7 0 1 
181 110 3 134 
182 32945 678 43838 
183 672213 24011 319042 
184 603 0 426 
185 16909 425 10747 
186 17635 64 18999 
187 36510 4782 185 
188 110 5 221 
189 3189 6 1883 
190 0 0 0 
191 2907 23 573 
192 25 0 61 
193 361 1 91 
194 0 0 0 
195 729 221 323 
196 564 4 892 
197 428 0 45 
T5
0 7212 635 15449 
1 2280 70 1226 
2 12060 250 8076 
3 29 0 11 
4 573 20 155 
5 0 0 0 
6 50 0 35 
7 89570 1381 43707 
8 15273 318 14648 
9 4967 24 1502 
10 2420 23 1484 
11 15652 215 12974 
12 70 0 17 
13 15605 68 17175 
14 98678 1243 69563 
15 9 0 6 
16 8277 160 21541 
17 3544 109 550 
18 18 0 5 
19 952 20 535 
20 22 0 53 
21 37479 1478 13789 
22 5206 86 1514 
23 433 0 23 
24 1017820 30246 937521 
25 0 0 0 
26 5057 109 2178 
27 164 0 91 
28 54 0 82 
29 218 0 132 
30 1208 13 686 
31 42 0 10 
32 4547 72 6026 
33 10480 259 34149 
34 1862 36 980 
35 31 1 55 
36 96281 4338 107383 
37 1342 8 628 
38 138372 4803 71769 
39 87 2 154 
40 1968 23 275 
41 2771 69 3528 
42 9407 54 2005 
43 7036 40 5667 
44 2071 15 959 
45 137 2 237 
46 53 0 23 
47 3650 23 1359 
48 875 11 970 
49 0 0 0 
50 455 11 1303 
51 0 0 0 
52 28178 338 10604 
53 24889 1162 7509 
54 34644 2246 14597 
55 7732 251 4382 
56 1407 19 327 
57 108 0 116 
58 40 0 154 
59 1199 18 565 
60 5738 98 1308 
61 9 0 0 
62 195 4 680 
63 15942 544 5232 
64 2005 12 2284 
65 75 2 33 
66 141 2 148 
67 12688 203 13461 
68 14713 68 14827 
69 756 5 0 
70 0 0 0 
71 26284 988 22981 
72 1630 13 1961 
73 408 9 650 
74 154 7 61 
75 2137 62 3853 
76 0 0 0 
77 22305 577 2630 
78 253 26 647 
79 24 0 26 
80 744887 14828 496850 
81 43185 1810 29094 
82 73618 4898 78703 
83 65471 2856 49625 
84 392 38 666 
85 31758 140 6730 
86 6349 448 14709 
87 152 0 244 
88 7966 29 3655 
89 208 2 306 
90 56243 467 32730 
91 9293 117 4030 
92 0 0 0 
93 1395 16 1775 
94 3879 105 2089 
95 20618 89 19613 
96 24162 1002 11128 
97 0 0 0 
98 81 1 119 
99 1369 9 556 
100 355 6 67 
101 510 37 293 
102 1436 39 343 
103 4 0 2 
104 152 3 143 
105 1534 1 513 
106 0 0 0 
107 5650 49 3170 
108 2372 54 1062 
109 244 2 409 
110 812 7 581 
111 542 12 596 
112 13 0 48 
113 0 0 0 
114 3110 47 2936 
115 6 0 6 
116 174194 18704 132237 
117 0 0 0 
118 7162 231 6722 
119 10 0 6 
120 83 0 74 
121 1829 23 70 
122 7723 63 6909 
123 819 7 328 
124 1298 4 23 
125 9239 18 10290 
126 2504 47 8 
127 44 0 24 
128 1324 35 1044 
129 70 2 103 
130 17417 295 8615 
131 4244 199 2967 
132 292 11 0 
133 39834 198 30370 
134 89479 2138 140138 
135 0 0 0 
136 29204 634 14805 
137 11 1 0 
138 2386 20 1380 
139 106343 16870 102064 
140 39498 685 15422 
141 8763 281 14358 
142 9930 163 8641 
143 20549 65 37019 
144 14409 538 6012 
145 200050 4416 218620 
146 927 3 481 
147 2 0 0 
148 4 0 1 
149 21 0 3 
150 0 0 0 
151 3 0 46 
152 48 2 333 
153 99116 1293 104342 
154 3165 88 2143 
155 8450 222 -11889 
156 97 0 16 
157 402 13 515 
158 6202 1 10147 
159 394 0 91 
160 434 4 244 
161 0 0 0 
162 375 5 711 
163 280947 3296 144539 
164 329 11 1053 
165 18898 100 0 
166 780 0 569 
167 2576 172 2382 
168 0 0 0 
169 776 13 582 
170 16079 566 0 
171 2391 13 1400 
172 324 22 71 
173 5 0 6 
174 1540 6 1735 
175 0 0 0 
176 103 0 78 
177 0 0 0 
178 222 2 188 
179 0 0 0 
180 14 0 15 
181 225 0 82 
182 34079 581 44174 
183 1571052 19333 542627 
184 306 0 579 
185 24152 513 15423 
186 12660 39 17867 
187 18304 1160 94 
188 205 8 112 
189 10996 71 5097 
190 0 0 0 
191 8545 83 6009 
192 35 0 33 
193 8132 60 1484 
194 0 0 0 
195 697 193 386 
196 1896 117 426 
197 1234 22 409 
T6
0 2090 192 3425 
1 3641 121 1576 
2 16156 315 11571 
3 140 1 72 
4 1266 63 477 
5 0 0 0 
6 18 0 31 
7 181885 3957 172812 
8 7075 183 11724 
9 11808 337 3856 
10 4341 18 3299 
11 6730 147 12873 
12 1357 11 118 
13 11014 50 11313 
14 77638 1113 52182 
15 49 0 32 
16 3588 119 9357 
17 15385 164 757 
18 513 2 16 
19 493 8 908 
20 57 0 20 
21 44059 2015 21090 
22 8212 252 6956 
23 786 2 88 
24 1341226 30917 1287631 
25 2 0 1 
26 5891 219 5726 
27 220 2 122 
28 53 0 55 
29 100 0 129 
30 1250 15 1379 
31 102 0 117 
32 2467 33 2812 
33 12085 149 12584 
34 131 6 355 
35 82 1 67 
36 57008 1945 60293 
37 4344 60 3404 
38 298173 9050 230494 
39 72 0 80 
40 999 27 959 
41 1298 52 4560 
42 18875 255 6641 
43 2920 19 5763 
44 2704 46 2285 
45 1036 1 555 
46 321 1 31 
47 6700 45 6779 
48 2870 10 1469 
49 0 0 0 
50 354 3 348 
51 0 0 0 
52 34171 508 31199 
53 29855 828 55322 
54 8512 845 33629 
55 11510 289 4557 
56 1821 32 1871 
57 53 0 106 
58 186 -6 90 
59 2232 56 1761 
60 23851 430 10878 
61 1 1 2 
62 550 5 220 
63 48446 292 4546 
64 1886 7 2580 
65 2176 73 378 
66 322 1 198 
67 25091 157 16384 
68 14664 103 16062 
69 3672 40 2430 
70 1 0 1 
71 25842 965 27823 
72 2202 13 1983 
73 168 7 212 
74 439 8 218 
75 868 50 1460 
76 0 0 0 
77 17687 673 3962 
78 663 13 433 
79 196 0 83 
80 1681587 25784 1372086 
81 56731 2107 51680 
82 74077 5720 62441 
83 94109 2252 71533 
84 1781 22 0 
85 45915 346 52063 
86 10654 354 7344 
87 383 4 66 
88 33032 161 24183 
89 259 0 231 
90 49857 1048 43049 
91 17244 268 11996 
92 0 0 0 
93 2530 11 1420 
94 5971 286 4615 
95 18382 99 19432 
96 15182 461 22088 
97 3 0 0 
98 134 2 71 
99 7442 68 1366 
100 587 24 202 
101 186 12 256 
102 7483 120 577 
103 12 0 5 
104 547 1 156 
105 1927 13 2349 
106 0 0 0 
107 6921 111 9133 
108 2248 102 1704 
109 435 2 370 
110 3226 9 1419 
111 192 4 142 
112 793 0 120 
113 0 0 0 
114 906 3 2462 
115 3 0 2 
116 187635 18996 175284 
117 0 0 0 
118 10300 219 7418 
119 39 0 14 
120 11 0 68 
121 1986 48 2742 
122 28751 467 16444 
123 1538 8 786 
124 3321 35 2384 
125 11094 80 5832 
126 14442 49 254 
127 99 0 25 
128 1164 34 631 
129 62 0 65 
130 13263 184 21971 
131 3827 119 4754 
132 1128 7 719 
133 15206 277 33038 
134 24349 562 64098 
135 0 0 0 
136 29328 700 29110 
137 328 2 102 
138 7385 132 4411 
139 191640 18327 132372 
140 104876 960 90409 
141 18228 286 9560 
142 5930 95 6582 
143 8919 34 8876 
144 35478 1068 10819 
145 158854 3543 195158 
146 1015 5 860 
147 0 0 2 
148 3 0 6 
149 8 0 27 
150 0 0 0 
151 3 0 1 
152 139 1 290 
153 49337 983 70832 
154 3498 88 1875 
155 8795 202 0 
156 19 0 99 
157 250 3 270 
158 7996 0 8439 
159 1042 5 459 
160 540 16 476 
161 0 0 0 
162 135 0 934 
163 222432 7250 296576 
164 283 2 115 
165 106031 375 0 
166 172 0 719 
167 1590 115 722 
168 0 0 0 
169 2216 33 1571 
170 7647 183 0 
171 5126 22 3200 
172 1405 49 291 
173 35 0 17 
174 1253 8 1342 
175 0 0 0 
176 132 0 103 
177 1 0 1 
178 407 12 321 
179 0 0 0 
180 549 4 16 
181 1046 10 296 
182 32536 531 30913 
183 1723949 30679 764962 
184 587 16 117 
185 37891 665 18961 
186 8148 27 8401 
187 26058 393 82 
188 429 7 301 
189 19963 158 23557 
190 0 0 0 
191 24534 187 18572 
192 610 25 173 
193 8690 56 8391 
194 0 0 0 
195 273 92 341 
196 6892 141 7506 
197 3930 124 3970 
T7
0 1284 62 5410 
1 4261 119 2903 
2 9566 257 6847 
3 540 0 289 
4 1833 55 745 
5 0 0 0 
6 1 0 4 
7 300999 6326 238561 
8 4854 93 7143 
9 2649 381 8613 
10 12577 34 7493 
11 4274 62 4061 
12 1646 47 1417 
13 15929 42 12422 
14 60714 1100 86597 
15 30 0 49 
16 5429 151 5451 
17 20170 -32 830 
18 1037 16 774 
19 185 1 260 
20 105 0 79 
21 25001 3317 48492 
22 8206 245 6654 
23 1259 10 488 
24 1036209 24682 1095608 
25 2 0 2 
26 3913 226 3579 
27 512 1 150 
28 4227 69 797 
29 51 0 38 
30 1820 14 2106 
31 2 0 21 
32 1747 10 2584 
33 19965 154 14095 
34 107 1 75 
35 176 5 98 
36 52790 1621 51696 
37 1336 31 1638 
38 248293 7686 289159 
39 64 0 56 
40 1130 12 2262 
41 715 22 968 
42 31965 365 13500 
43 1968 9 3970 
44 7439 76 6783 
45 1522 23 1386 
46 199 2 404 
47 25464 91 8243 
48 5955 14 3615 
49 0 0 0 
50 29 2 117 
51 6 0 0 
52 18605 533 23419 
53 19654 4898 9786 
54 4858 536 25405 
55 3629 171 9437 
56 110 0 1796 
57 60 0 44 
58 607 1 355 
59 1157 24 1867 
60 33457 472 14330 
61 4 1 6 
62 1127 11 600 
63 204869 788 8486 
64 377 0 1234 
65 1197 31 1538 
66 1758 2 337 
67 40859 135 35200 
68 2666 39 4010 
69 7054 92 5042 
70 0 0 0 
71 19463 609 20386 
72 1439 10 2086 
73 186 6 112 
74 1326 35 933 
75 635 24 1026 
76 0 0 0 
77 18313 538 13282 
78 11109 60 575 
79 195 0 209 
80 2471089 31753 2111767 
81 91574 2990 72117 
82 65919 3827 52977 
83 122888 2287 110936 
84 4724 17 0 
85 83514 461 56142 
86 39654 256 12301 
87 3379 41 492 
88 19347 350 25682 
89 2862 18 1252 
90 14388 366 22014 
91 5709 140 6097 
92 0 0 0 
93 6547 71 5907 
94 3091 186 4641 
95 20383 73 19005 
96 2919 -435 6218 
97 1 0 3 
98 172 3 155 
99 17171 172 7811 
100 444 3 483 
101 56 0 411 
102 16975 249 13189 
103 13 0 20 
104 1071 7 703 
105 152 0 -110 
106 0 0 0 
107 1897 44 1666 
108 476 15 1169 
109 912 5 339 
110 3343 9 4289 
111 324 3 339 
112 1164 8 1212 
113 0 0 0 
114 532 3 788 
115 20 0 4 
116 151923 14322 143734 
117 0 0 0 
118 14233 272 11849 
119 43 -3 38 
120 13 0 21 
121 3537 53 1870 
122 50951 1012 45114 
123 3219 21 2211 
124 5542 69 5521 
125 32655 270 26120 
126 29485 114 2268 
127 157 3 188 
128 650 14 0 
129 16 0 25 
130 6468 109 11001 
131 3341 132 4107 
132 2607 5 1514 
133 8147 215 6460 
134 14586 214 19916 
135 0 0 0 
136 21125 402 20819 
137 169 3 122 
138 20994 446 10339 
139 200777 11703 217060 
140 105752 2035 95309 
141 18717 357 23213 
142 12475 108 4924 
143 6961 16 7164 
144 36600 1254 54669 
145 151889 3177 150618 
146 2027 15 1147 
147 0 0 0 
148 1 0 1 
149 6 0 8 
150 0 0 0 
151 23 0 12 
152 23 0 47 
153 26034 924 34261 
154 2199 43 3174 
155 2709 55 0 
156 12 0 10 
157 192 3 118 
158 1512 0 4261 
159 3234 6 1393 
160 1702 11 860 
161 0 0 0 
162 125 5 416 
163 61567 3434 95403 
164 115 2 0 
165 269173 1698 0 
166 379 2 300 
167 973 28 330 
168 0 0 0 
169 1396 42 2053 
170 5914 63 0 
171 10523 46 7000 
172 1804 90 473 
173 17 0 21 
174 1083 8 1055 
175 0 0 0 
176 115 0 129 
177 2 0 1 
178 450 14 376 
179 0 0 0 
180 2965 48 1446 
181 6143 73 947 
182 46702 1338 30890 
183 1203152 25156 631416 
184 3938 45 1356 
185 75045 1353 26915 
186 18092 36 14768 
187 65419 338 720 
188 397 6 375 
189 13141 171 13583 
190 0 0 0 
191 28306 227 28802 
192 74 10 408 
193 16795 131 13021 
194 0 0 0 
195 132 46 166 
196 3804 60 4081 
197 2004 74 1441 
T8
0 1317 55 1038 
1 4982 98 3240 
2 4989 197 3270 
3 1813 6 893 
4 3774 100 1587 
5 0 0 0 
6 24 0 9 
7 376022 13611 336679 
8 17784 155 5735 
9 514 61 1099 
10 28145 130 21110 
11 6070 54 3613 
12 2526 53 1674 
13 14023 80 17620 
14 42764 779 51637 
15 36 0 28 
16 12468 156 6659 
17 122604 476 2249 
18 1223 24 858 
19 216 1 380 
20 75 0 119 
21 9720 931 16026 
22 9215 232 7630 
23 2675 7 281 
24 736805 18046 628854 
25 2 0 2 
26 10770 233 3433 
27 584 9 601 
28 31404 805 15946 
29 69 0 123 
30 2611 36 1978 
31 8 0 6 
32 1070 7 993 
33 57539 561 44097 
34 69 0 94 
35 232 12 215 
36 48933 1436 47962 
37 1266 2 615 
38 209101 5305 242837 
39 32 0 36 
40 176 3 0 
41 550 34 493 
42 33140 497 35656 
43 1123 1 1629 
44 11067 119 7884 
45 1216 14 1519 
46 821 3 162 
47 127623 927 48276 
48 13602 45 12205 
49 0 0 8 
50 56 0 42 
51 9 0 11 
52 14615 165 18028 
53 29160 1343 37124 
54 3652 387 10289 
55 4320 118 6175 
56 68 0 445 
57 88 0 83 
58 1264 4 854 
59 565 13 937 
60 21622 280 15011 
61 0 0 4 
62 4837 17 1400 
63 471144 2221 15314 
64 185 1 582 
65 164 10 676 
66 14358 117 6625 
67 94201 399 53793 
68 1550 15 1645 
69 10632 182 7591 
70 3 0 0 
71 17016 454 16862 
72 1287 7 767 
73 86 2 655 
74 1632 47 1340 
75 369 11 850 
76 15 0 3 
77 17814 422 13815 
78 30179 473 9848 
79 1825 1 692 
80 2242259 28991 2455177 
81 125348 3175 114550 
82 114182 6423 71895 
83 114944 1846 115172 
84 17691 60 0 
85 121824 992 145024 
86 119309 875 34654 
87 3703 116 2595 
88 15026 176 14993 
89 33229 316 4401 
90 7607 179 24744 
91 8157 186 8148 
92 0 0 0 
93 2382 66 3398 
94 1952 42 2336 
95 17618 121 19084 
96 6800 48 4321 
97 0 0 0 
98 1952 8 81 
99 34768 239 17323 
100 443 9 207 
101 44 0 54 
102 22352 307 12682 
103 114 0 24 
104 3951 29 1353 
105 3170 9 1765 
106 0 0 0 
107 839 21 1628 
108 141 2 716 
109 10351 60 3998 
110 1642 4 2087 
111 397 4 254 
112 1994 28 1240 
113 0 0 0 
114 247 2 465 
115 41 0 26 
116 162273 13364 138864 
117 0 0 0 
118 21402 398 14108 
119 74 1 65 
120 9 0 10 
121 7904 103 5997 
122 76368 1173 67282 
123 4602 35 5011 
124 2086 23 2475 
125 70653 349 48346 
126 145963 493 2490 
127 75 0 105 
128 392 7 1312 
129 27 0 22 
130 4484 31 8306 
131 7211 151 3507 
132 3688 11 1492 
133 18200 283 10976 
134 18421 244 15365 
135 0 0 0 
136 19866 335 21948 
137 65 1 308 
138 22597 577 19147 
139 115451 5482 179843 
140 77092 1822 101368 
141 98438 1303 29339 
142 32735 287 13947 
143 6514 15 6584 
144 70171 1512 42659 
145 303869 4911 167188 
146 303 9 1938 
147 2 0 2 
148 6 0 1 
149 3 0 0 
150 0 0 0 
151 42 0 16 
152 25 0 25 
153 13482 755 20186 
154 773 16 2763 
155 3403 37 0 
156 9 0 12 
157 177 1 111 
158 368 1 736 
159 23797 49 3969 
160 8947 48 3374 
161 3 0 0 
162 474 1 277 
163 46166 2614 47699 
164 233 6 0 
165 296520 3280 0 
166 2257 0 343 
167 156 0 5 
168 0 0 0 
169 439 13 664 
170 14963 53 0 
171 25139 95 10100 
172 1346 80 610 
173 32 0 13 
174 1241 7 1485 
175 0 0 0 
176 189 1 160 
177 2 0 2 
178 417 10 280 
179 0 0 0 
180 1646 36 2066 
181 31972 493 2690 
182 47683 1919 39198 
183 1410327 21516 677673 
184 4996 36 4448 
185 133598 2227 52065 
186 32169 60 34726 
187 336875 1915 376 
188 641 5 502 
189 12871 106 13553 
190 0 0 0 
191 21462 206 25476 
192 66 0 90 
193 12734 158 17165 
194 0 0 0 
195 32 12 117 
196 1831 17 1798 
197 500 7 1795 
T9
0 3117 130 1546 
1 12071 186 3733 
2 15189 330 7060 
3 2574 17 2908 
4 6196 81 3552 
5 0 0 0 
6 15 1 26 
7 339325 9839 344868 
8 54176 730 30239 
9 378 2 372 
10 149791 1052 86926 
11 34194 379 16857 
12 1609 41 2124 
13 7106 37 8580 
14 48115 594 48923 
15 29 0 38 
16 29001 131 17561 
17 318352 4426 -21157 
18 2107 52 990 
19 388 2 249 
20 51 0 55 
21 3702 385 13306 
22 39832 1058 13665 
23 3861 10 5896 
24 678137 12823 831906 
25 1 0 2 
26 77095 1427 14593 
27 271 3 680 
28 35705 745 37198 
29 89 0 52 
30 2208 17 2912 
31 21 0 11 
32 1455 10 1393 
33 109504 1601 79108 
34 45 1 0 
35 229 8 269 
36 41850 1248 45458 
37 1804 3 848 
38 251556 5411 260608 
39 89 0 73 
40 359 0 0 
41 860 20 824 
42 30076 395 18742 
43 681 8 654 
44 61884 750 50927 
45 1447 6 1345 
46 4906 15 577 
47 295884 5136 281660 
48 29174 88 20732 
49 0 0 0 
50 197 0 173 
51 35 0 12 
52 13350 91 12554 
53 27815 638 26452 
54 5860 361 3041 
55 5153 130 6064 
56 51 2 21 
57 66 0 63 
58 3955 16 1766 
59 344 3 397 
60 14258 236 21644 
61 3 0 2 
62 6292 39 4900 
63 1148525 12867 40655 
64 203 4 527 
65 56 4 927 
66 68475 642 60869 
67 453772 3037 243900 
68 3066 13 2008 
69 53455 719 6637 
70 6 0 5 
71 14370 417 14745 
72 1136 5 959 
73 30 2 473 
74 1156 31 1276 
75 263 1 607 
76 0 0 0 
77 15063 271 10118 
78 106369 2139 20097 
79 1160 14 2084 
80 1362634 16383 1671501 
81 112588 2882 113312 
82 258093 12086 143374 
83 97869 1498 92548 
84 18724 143 0 
85 22103 516 38208 
86 823831 9921 206337 
87 1685 60 1479 
88 28095 245 19317 
89 118420 1564 83355 
90 17235 187 7261 
91 26848 470 15405 
92 0 0 0 
93 4036 52 2605 
94 12914 180 2880 
95 21739 147 21181 
96 15425 96 12579 
97 2 0 1 
98 7464 88 228 
99 45667 319 34333 
100 219 2 262 
101 135 0 50 
102 26146 316 18482 
103 822 8 664 
104 29331 229 9477 
105 16793 107 9556 
106 0 0 0 
107 500 12 377 
108 114 4 660 
109 29232 128 23362 
110 1145 8 1224 
111 592 9 386 
112 3619 56 2813 
113 4 0 1 
114 386 2 203 
115 84 0 67 
116 159926 12859 36978 
117 0 0 0 
118 23862 470 25217 
119 292 1 250 
120 111 0 17 
121 12777 169 7127 
122 127972 2004 103622 
123 3700 43 4133 
124 1273 9 2718 
125 79229 508 87076 
126 226619 1878 1305 
127 122 0 95 
128 372 5 0 
129 117 1 24 
130 4017 38 4726 
131 24985 542 11407 
132 13657 20 6135 
133 10765 249 15822 
134 39928 571 18379 
135 0 0 0 
136 23976 329 27201 
137 21 0 46 
138 18133 425 16114 
139 72719 3262 92950 
140 54100 1210 64385 
141 577174 7275 231631 
142 130213 1372 90445 
143 6791 11 6811 
144 193086 3389 122350 
145 564088 9580 399443 
146 533 12 225 
147 0 0 0 
148 145 2 33 
149 16 0 13 
150 0 0 0 
151 506 0 235 
152 34 1 19 
153 11716 507 12566 
154 388 12 1611 
155 56215 278 0 
156 10 0 9 
157 62 1 63 
158 219 0 232 
159 66763 469 26547 
160 43795 688 30206 
161 13 0 5 
162 518 9 295 
163 50463 1961 62277 
164 174 4 0 
165 573463 7913 0 
166 12537 53 8807 
167 1442 339 2845 
168 0 0 0 
169 148 7 213 
170 89239 246 0 
171 200112 1889 118500 
172 1759 106 1289 
173 70 0 48 
174 1194 5 1550 
175 0 0 0 
176 192 1 241 
177 1 0 2 
178 665 11 475 
179 0 0 0 
180 838 17 1808 
181 41181 1819 51716 
182 73920 2408 55060 
183 3245266 29646 1059502 
184 5973 53 1285 
185 266457 4406 131498 
186 37207 75 37131 
187 689063 9103 559 
188 1677 17 1243 
189 7524 74 7847 
190 1 0 0 
191 11414 122 13390 
192 154 0 93 
193 17800 172 15186 
194 0 0 0 
195 12 6 40 
196 1390 7 1468 
197 798 29 486 
T10
0 6524 391 3345 
1 22298 418 13094 
2 24342 454 16941 
3 1515 3 1910 
4 2666 54 2684 
5 0 0 0 
6 17 1 14 
7 195367 5428 203723 
8 32522 770 51647 
9 316 1 169 
10 118231 3037 157828 
11 112302 1083 70170 
12 413 1 674 
13 4735 12 4946 
14 60291 938 78695 
15 55 0 40 
16 51032 239 48079 
17 77599 3532 0 
18 4871 117 2119 
19 268 1 393 
20 62 0 53 
21 5192 165 9366 
22 30143 1507 30835 
23 3911 8 3734 
24 1200517 18171 943248 
25 4 0 3 
26 81690 3926 62192 
27 1959 5 857 
28 41352 752 37263 
29 120 0 91 
30 1542 7 1699 
31 58 0 50 
32 2576 12 2341 
33 185476 3207 154808 
34 36 0 0 
35 210 1 176 
36 45122 1124 41799 
37 3044 17 1762 
38 257667 5406 224917 
39 52 0 52 
40 685 8 1101 
41 3223 44 1830 
42 30798 402 47349 
43 768 4 726 
44 99499 1842 90583 
45 2104 6 1657 
46 8905 46 36 
47 132635 3478 168855 
48 59299 224 35719 
49 0 0 40 
50 114 0 87 
51 20 0 42 
52 22608 85 11444 
53 23145 907 17312 
54 12417 534 4631 
55 5822 175 5417 
56 93 0 89 
57 223 0 121 
58 11971 80 7556 
59 969 16 767 
60 15086 243 35458 
61 11 0 6 
62 12441 166 8500 
63 394563 13382 38530 
64 289 5 266 
65 81 1 78 
66 115416 1175 100353 
67 590415 11311 541597 
68 3177 8 3640 
69 49885 2720 70690 
70 52 0 12 
71 15705 604 14393 
72 831 5 1387 
73 28 1 123 
74 1152 18 1267 
75 409 2 490 
76 0 0 0 
77 11986 182 8417 
78 138890 4257 52769 
79 373 3 535 
80 1066540 13796 1185718 
81 169053 3997 128343 
82 350057 10634 285739 
83 55946 898 62296 
84 8992 148 0 
85 42185 287 29084 
86 668305 20756 746016 
87 2009 48 3187 
88 69637 873 54353 
89 113813 1587 143123 
90 26996 244 21092 
91 21676 316 27737 
92 0 0 0 
93 18204 149 8009 
94 17694 392 17415 
95 9307 65 14072 
96 10946 114 13341 
97 16 0 13 
98 17621 262 17515 
99 45096 409 44317 
100 348 2 212 
101 259 1 88 
102 18347 296 17860 
103 665 13 599 
104 66556 851 48497 
105 15598 188 16585 
106 0 0 7 
107 277 9 400 
108 167 2 259 
109 39403 114 37406 
110 1063 3 1440 
111 2069 70 746 
112 3228 81 3621 
113 0 0 3 
114 3811 89 822 
115 33 0 58 
116 278145 17461 195811 
117 0 0 0 
118 41007 620 41171 
119 143 0 144 
120 487 0 144 
121 14603 209 14928 
122 108142 1872 122404 
123 2690 27 2611 
124 4041 24 2233 
125 40217 502 61121 
126 206060 1719 1813 
127 102 0 115 
128 213 4 0 
129 1179 14 223 
130 10750 38 5773 
131 27638 849 23767 
132 12662 106 0 
133 6301 133 7563 
134 88114 1934 74064 
135 0 0 0 
136 54574 588 39996 
137 158 1 15 
138 24171 419 17169 
139 51189 3015 56814 
140 43729 988 45359 
141 418914 13497 579067 
142 132492 2349 137583 
143 5335 7 6026 
144 203972 4708 223895 
145 781815 14949 716645 
146 1525 11 1081 
147 9 0 5 
148 101 3 186 
149 17 0 5 
150 2 0 2 
151 735 12 783 
152 44 1 38 
153 6598 399 10261 
154 1645 26 959 
155 195355 1475 0 
156 44 0 27 
157 72 1 31 
158 247 1 213 
159 93800 821 68831 
160 45106 1357 42674 
161 1 0 0 
162 280 16 182 
163 138557 3579 83493 
164 206 3 1753 
165 275398 7089 0 
166 17312 94 14143 
167 7468 233 3264 
168 0 0 0 
169 150 1 83 
170 165027 1729 0 
171 124977 2784 142400 
172 2923 217 1799 
173 152 0 77 
174 1423 4 1234 
175 0 0 0 
176 403 0 276 
177 1 0 0 
178 608 4 884 
179 0 0 0 
180 805 10 925 
181 34243 1587 31136 
182 1534267 5660 1362544 
183 5914943 64922 -4293640 
184 12798 78 1895 
185 383934 6411 307364 
186 37057 91 21894 
187 539725 13311 976 
188 7228 37 4058 
189 4890 13 4883 
190 0 0 1 
191 11031 117 10657 
192 119 0 139 
193 52820 498 37295 
194 0 0 0 
195 19 3 6 
196 1261 16 1207 
197 2921 54 1672 
T11
0 4011 319 6960 
1 15792 215 13192 
2 9678 191 8284 
3 1572 12 1241 
4 2281 49 6959 
5 0 0 0 
6 36 1 15 
7 267607 3761 220548 
8 12843 406 22625 
9 615 1 177 
10 59683 2071 73470 
11 35491 910 87359 
12 307 11 427 
13 7525 9 6193 
14 30088 691 40166 
15 790 0 215 
16 55806 274 61279 
17 59005 2025 0 
18 1738 68 5871 
19 261 2 273 
20 402 1 144 
21 37015 565 15793 
22 12924 862 15155 
23 4351 33 2984 
24 1343941 24457 1184276 
25 22 0 20 
26 23448 2135 62598 
27 4389 28 3791 
28 20787 565 25544 
29 434 1 133 
30 1399 9 997 
31 77 0 44 
32 2538 10 3010 
33 214285 4298 211025 
34 37 0 2961 
35 1037 9 481 
36 86761 1428 71121 
37 3825 38 2729 
38 422239 8469 368105 
39 934 34 459 
40 1509 14 858 
41 5604 264 1794 
42 27799 436 16467 
43 3084 8 1703 
44 37612 1633 53713 
45 7730 29 4410 
46 12876 81 0 
47 281502 4179 197195 
48 64512 756 80834 
49 0 0 0 
50 133 0 184 
51 22 0 19 
52 34034 57 19825 
53 26559 384 15630 
54 31806 1512 16372 
55 8143 252 6296 
56 142 1 125 
57 1136 6 501 
58 16687 156 13692 
59 5643 225 1497 
60 12291 198 16294 
61 9 0 9 
62 7780 115 8500 
63 468756 10548 26798 
64 526 3 435 
65 111 4 35 
66 45657 963 62103 
67 613475 21849 601535 
68 3428 10 2970 
69 19660 1493 0 
70 54 1 88 
71 17163 669 14040 
72 613 1 547 
73 31 1 22 
74 809 12 929 
75 1038 4 595 
76 0 0 0 
77 18033 327 6557 
78 59038 3726 140371 
79 368 1 344 
80 578538 7485 676058 
81 253134 6377 200379 
82 185865 3622 256711 
83 27138 285 52577 
84 92102 452 0 
85 175524 909 112713 
86 462356 14580 525402 
87 2128 44 3149 
88 134618 1683 85686 
89 43751 641 63855 
90 25376 276 26047 
91 5677 110 8325 
92 0 0 0 
93 24825 604 24271 
94 7636 174 13618 
95 10207 34 7565 
96 4694 63 7338 
97 0 0 5 
98 26562 567 22189 
99 96109 618 44368 
100 3971 47 200 
101 111 1 295 
102 14734 314 21837 
103 733 28 869 
104 65796 1239 73734 
105 5351 121 11045 
106 0 0 0 
107 414 8 455 
108 5647 113 331 
109 65962 162 43345 
110 1008 1 677 
111 1774 97 1813 
112 3972 56 2790 
113 0 0 0 
114 4194 147 6059 
115 23 0 27 
116 340960 23754 258641 
117 0 0 0 
118 20721 571 28439 
119 494 4 366 
120 594 2 474 
121 12141 129 11807 
122 49119 1107 63939 
123 8606 89 3258 
124 12591 116 11095 
125 15364 205 20681 
126 250436 2658 3462 
127 146 0 115 
128 214 4 0 
129 1626 54 1578 
130 32736 219 18257 
131 12498 471 19179 
132 15669 113 0 
133 4245 26 4584 
134 67797 1787 73787 
135 0 0 0 
136 92974 1257 68716 
137 74 1 154 
138 24620 464 27336 
139 66566 5419 53952 
140 44244 1034 40231 
141 257758 8868 269738 
142 176800 2807 115514 
143 5532 4 4369 
144 114042 3195 142919 
145 770474 15566 724276 
146 3818 83 1104 
147 6 0 8 
148 332 3 83 
149 350 1 28 
150 0 0 0 
151 742 11 752 
152 119 0 38 
153 4237 227 5176 
154 5287 154 2668 
155 83486 1201 0 
156 424 1 341 
157 506 2 171 
158 706 0 532 
159 174078 2039 63818 
160 46513 907 42095 
161 0 0 5 
162 82 6 100 
163 432846 12840 303665 
164 448 1 138 
165 466743 4537 0 
166 16926 96 18393 
167 5558 168 2367 
168 0 0 0 
169 2041 24 1449 
170 166020 2430 0 
171 95717 2217 6100 
172 3183 253 1858 
173 94 0 135 
174 639 2 923 
175 0 0 0 
176 7399 10 5010 
177 21 0 19 
178 942 7 873 
179 0 0 0 
180 430 8 538 
181 61265 1584 39970 
182 424985 6468 532445 
183 6623434 86900 0 
184 8724 76 2911 
185 234422 5058 319002 
186 59942 111 55565 
187 1412980 22597 3740 
188 20233 193 15730 
189 2430 7 3626 
190 0 0 0 
191 10225 126 8881 
192 130 0 117 
193 33814 622 45516 
194 0 0 0 
195 25 6 35 
196 17570 168 7426 
197 15015 369 6036 
