T0
0 386 4 169 167 0 142 
1 128 3 62 174 3 135 
2 307 5 184 321 6 310 
3 131 0 76 136 0 133 
4 75 0 17 107 1 74 
5 119 1 61 139 2 124 
6 91 1 45 0 0 0 
7 479 12 175 484 13 469 
8 325 2 211 509 5 341 
9 631 0 373 646 0 631 
10 1193 1 679 1257 1 1226 
11 987 6 539 0 0 0 
12 292 1 149 343 1 295 
13 932 1 489 937 1 935 
14 747 4 281 774 7 753 
15 1262 19 736 1276 22 1251 
16 62218 2127 11853 0 0 0 
17 1007 4 661 0 0 0 
18 1307 5 690 0 0 0 
19 244 2 97 254 2 250 
20 164 4 95 0 0 0 
21 561 6 299 579 6 570 
22 520 3 231 550 3 536 
23 145 2 77 0 0 0 
24 173 2 96 181 2 172 
25 1 0 1 0 0 0 
26 245 1 134 253 3 242 
27 91 2 76 138 2 125 
28 18 0 18 0 0 0 
29 70 0 48 0 0 0 
30 76 1 24 0 0 0 
T1
0 118 4 231 13 1 124 
1 5 0 71 16 0 48 
2 11 1 126 7 0 8 
3 1 0 57 61 0 31 
4 0 1 57 93 0 76 
5 5 1 63 7 0 19 
6 2 0 47 0 0 0 
7 5 1 291 455 0 118 
8 60 2 117 138 2 258 
9 2 0 258 7 0 17 
10 34 0 540 11 0 37 
11 2 0 445 0 0 0 
12 14 0 146 12 0 58 
13 2 0 445 0 0 1 
14 17 3 469 13 0 19 
15 6 3 514 0 0 3 
16 5138 1000 47552 0 0 0 
17 7 0 353 1019 4 1015 
18 74 3 639 0 0 0 
19 8 0 153 0 0 2 
20 0 2 66 0 0 0 
21 10 0 271 0 0 3 
22 18 0 305 0 0 0 
23 0 0 67 147 2 145 
24 2 0 76 4 0 9 
25 0 0 0 0 0 0 
26 3 2 105 53 0 11 
27 45 0 38 1 0 12 
28 0 0 0 0 0 0 
29 4 0 27 0 0 0 
30 0 2 49 0 0 0 
T2
0 79 0 116 0 0 39 
1 52 0 43 2 0 5 
2 9 0 7 0 0 4 
3 64 0 7 1 0 34 
4 119 0 34 32 0 56 
5 20 0 19 3 0 4 
6 13 0 5 0 0 0 
7 429 0 9 6 0 345 
8 244 3 202 25 0 58 
9 20 0 13 0 0 5 
10 31 0 32 0 0 4 
11 1 0 0 0 0 0 
12 48 0 46 3 0 2 
13 1 0 2 0 0 0 
14 21 0 15 4 0 8 
15 3 0 4 0 0 0 
16 328 1368 4081 0 0 0 
17 1 0 1 0 0 0 
18 175 0 172 0 0 0 
19 0 0 2 0 0 0 
20 0 0 1 0 0 0 
21 2 0 0 0 0 0 
22 18 0 18 14 0 22 
23 1 0 1 0 0 0 
24 8 0 6 0 0 2 
25 0 0 0 0 0 0 
26 29 0 14 2 0 52 
27 3 0 23 0 0 0 
28 0 0 0 0 0 0 
29 0 0 0 0 0 0 
30 0 0 0 0 0 0 
T3
0 0 1 62 319 0 5 
1 3 0 11 6 0 6 
2 0 0 5 21 0 11 
3 1 0 58 0 0 0 
4 23 0 88 6 0 31 
5 3 0 1 6 0 0 
6 46 1 28 0 0 0 
7 32 0 457 2 0 2 
8 29 0 115 36 0 18 
9 0 0 9 1 0 0 
10 0 0 16 1 0 0 
11 0 0 1 0 0 0 
12 1 0 14 5 0 2 
13 0 0 0 -5 0 -5 
14 1 0 15 1 0 5 
15 0 0 0 0 0 0 
16 7 0 102 0 0 0 
17 0 0 0 0 0 0 
18 8 0 78 0 0 0 
19 0 0 0 0 0 0 
20 1 0 0 0 0 0 
21 0 0 3 3 0 0 
22 0 0 4 11 0 0 
23 0 0 0 0 0 0 
24 1 0 5 0 0 0 
25 0 0 0 0 0 0 
26 31 0 50 12 0 2 
27 0 0 0 24 0 3 
28 0 0 0 0 0 0 
29 0 0 0 0 0 0 
30 0 0 0 0 0 0 
T4
0 206 0 6 20 0 310 
1 5 0 4 6 0 1 
2 13 0 0 0 0 10 
3 0 0 0 3 0 3 
4 21 0 38 20 0 7 
5 4 0 3 62 0 13 
6 3 0 28 0 0 0 
7 2 0 2 0 0 0 
8 31 0 23 36 0 45 
9 0 0 0 1 0 1 
10 1 0 0 1 0 1 
11 0 0 0 0 0 0 
12 6 0 2 3 0 4 
13 -5 0 -5 0 0 0 
14 4 0 5 7 0 0 
15 0 0 0 0 0 0 
16 0 0 7 0 0 0 
17 0 0 0 0 0 0 
18 44 0 34 0 0 0 
19 0 0 0 1 0 1 
20 2 0 1 0 0 0 
21 3 0 0 1 0 4 
22 28 0 12 24 0 24 
23 0 0 0 0 0 0 
24 0 0 0 5 0 3 
25 0 0 0 0 0 0 
26 6 0 3 3 0 11 
27 12 0 0 4 0 25 
28 0 0 0 0 0 0 
29 0 0 0 0 0 0 
30 0 0 0 0 0 0 
T5
0 130 0 220 3 0 30 
1 6 0 4 16 0 10 
2 8 0 19 13 0 0 
3 3 0 2 1 0 0 
4 12 0 3 2 0 13 
5 11 0 7 45 0 96 
6 0 0 0 0 0 0 
7 0 0 0 1 0 0 
8 35 0 40 147 0 106 
9 2 0 1 10 0 3 
10 1 0 0 7 0 0 
11 0 0 0 0 0 0 
12 2 0 4 10 0 5 
13 0 0 0 3 0 0 
14 6 0 0 32 0 17 
15 0 0 0 0 0 0 
16 0 0 0 0 0 0 
17 0 0 0 0 0 0 
18 25 0 24 0 0 0 
19 1 0 0 0 0 0 
20 0 0 2 0 0 0 
21 1 0 3 0 0 0 
22 13 0 22 10 0 15 
23 0 0 0 0 0 0 
24 3 0 1 9 0 5 
25 0 0 0 0 0 0 
26 8 0 10 41 0 35 
27 16 0 28 2 0 2 
28 0 0 0 0 0 0 
29 0 0 0 0 0 0 
30 47 0 0 0 0 0 
T6
0 6 0 120 1 0 0 
1 6 0 7 20 0 28 
2 2 0 2 3 0 14 
3 0 0 1 1 0 2 
4 10 0 19 3 0 2 
5 97 0 78 9 0 7 
6 2 0 2 0 0 0 
7 1 0 0 0 0 1 
8 117 0 46 91 0 108 
9 9 0 1 1 0 7 
10 7 0 1 5 0 4 
11 0 0 0 0 0 0 
12 6 0 4 25 0 19 
13 3 0 0 0 0 0 
14 25 0 8 1 0 19 
15 0 0 0 4 0 0 
16 4 0 3 0 0 0 
17 0 0 0 0 0 0 
18 66 0 52 0 0 0 
19 0 0 1 4 0 1 
20 0 0 0 0 0 0 
21 0 0 1 1 0 1 
22 24 0 17 0 0 0 
23 0 0 0 0 0 0 
24 7 0 5 10 0 5 
25 0 0 0 0 0 0 
26 36 0 19 39 0 21 
27 2 0 2 1 0 1 
28 0 0 0 0 0 0 
29 0 0 0 0 0 0 
30 779 0 496 0 0 0 
T7
0 0 0 2 5 0 2 
1 28 0 23 20 0 13 
2 14 0 13 6 0 2 
3 2 0 1 9 0 2 
4 1 0 3 15 0 9 
5 3 0 30 12 0 10 
6 0 0 0 0 0 0 
7 0 0 1 1 0 0 
8 116 0 155 160 0 112 
9 1 0 8 4 0 2 
10 5 0 4 1 0 7 
11 0 0 0 0 0 0 
12 23 0 14 30 0 25 
13 0 0 0 0 0 0 
14 8 0 20 14 0 8 
15 2 0 0 3 0 3 
16 0 0 1 0 0 0 
17 0 0 0 0 0 0 
18 62 0 75 0 0 0 
19 3 0 0 1 0 4 
20 0 0 0 0 0 0 
21 1 0 0 5 0 1 
22 44 0 42 0 0 0 
23 0 0 0 0 0 0 
24 11 0 6 2 0 10 
25 0 0 0 0 0 0 
26 39 0 36 44 0 47 
27 1 0 1 0 0 0 
28 0 0 0 0 0 0 
29 0 0 0 0 0 0 
30 0 0 330 0 0 0 
T8
0 2 0 1 9 0 9 
1 15 0 15 39 0 33 
2 3 0 2 2 0 7 
3 5 0 2 8 0 11 
4 14 0 6 42 0 28 
5 16 0 8 6 0 12 
6 0 0 0 0 0 0 
7 0 0 0 0 0 1 
8 119 0 94 177 0 207 
9 4 0 2 10 0 6 
10 1 0 7 10 0 4 
11 0 0 0 0 0 0 
12 24 0 28 49 0 27 
13 0 0 0 0 0 0 
14 14 0 12 3 0 12 
15 3 0 2 6 0 4 
16 0 0 0 0 0 0 
17 0 0 0 1 0 1 
18 94 0 72 0 0 0 
19 2 0 5 3 0 0 
20 0 0 0 0 0 0 
21 2 0 1 1 0 4 
22 55 0 36 0 0 0 
23 0 0 0 0 0 0 
24 5 0 5 6 0 4 
25 0 0 0 0 0 0 
26 39 0 35 49 0 34 
27 0 0 0 11 0 11 
28 0 0 0 0 0 0 
29 0 0 0 0 0 0 
30 0 0 0 0 0 0 
T9
0 10 0 6 13 0 4 
1 38 0 29 5 0 19 
2 5 0 5 0 0 1 
3 11 0 9 4 0 5 
4 32 0 21 32 0 40 
5 8 0 10 27 0 2 
6 0 0 0 0 0 0 
7 1 0 1 12 0 1 
8 196 0 195 169 0 117 
9 8 0 2 4 0 10 
10 8 0 4 7 0 7 
11 1 0 0 0 0 0 
12 44 0 23 28 0 49 
13 0 0 0 0 0 0 
14 3 0 16 12 0 1 
15 7 0 3 9 0 9 
16 9 0 0 0 0 0 
17 1 0 0 1 0 0 
18 90 0 89 0 0 0 
19 0 0 0 1 0 3 
20 0 0 0 0 0 0 
21 3 0 5 0 0 1 
22 67 0 54 0 0 0 
23 0 0 0 0 0 0 
24 6 0 9 12 0 3 
25 0 0 0 0 0 0 
26 51 0 33 9 0 32 
27 11 0 9 1 0 1 
28 0 0 0 0 0 0 
29 0 0 0 0 0 0 
30 78 0 63 0 0 0 
T10
0 10 0 7 60 0 24 
1 13 0 27 31 0 11 
2 0 0 4 898 1 55 
3 3 0 7 11 0 3 
4 35 0 36 14 0 15 
5 1 0 7 80 0 89 
6 0 0 0 0 0 0 
7 11 0 0 369 0 20 
8 143 0 131 147 0 148 
9 7 0 8 6 0 3 
10 6 0 7 16 0 15 
11 0 0 1 994 6 987 
12 42 0 43 26 0 29 
13 0 0 0 0 0 3 
14 11 0 0 5 0 14 
15 7 0 8 5 0 7 
16 1 0 10 0 0 0 
17 0 0 1 6 0 1 
18 51 0 48 0 0 0 
19 4 0 3 3 0 1 
20 0 0 0 0 0 0 
21 1 0 1 1 0 0 
22 46 0 56 0 0 0 
23 0 0 0 0 0 0 
24 9 0 2 2 0 15 
25 0 0 0 0 0 0 
26 15 0 44 28 0 18 
27 1 0 3 0 0 0 
28 0 0 0 0 0 0 
29 0 0 0 0 0 0 
30 0 0 15 0 0 0 
T11
0 44 0 17 24 0 55 
1 24 0 9 18 0 27 
2 690 1 12 46 0 754 
3 5 0 4 5 0 13 
4 24 0 28 1 0 14 
5 107 0 72 10 0 26 
6 3 0 0 0 0 0 
7 137 0 16 280 0 633 
8 166 0 162 151 0 195 
9 4 0 9 14 0 13 
10 12 0 8 5 0 5 
11 1 0 1 0 0 1 
12 26 0 32 15 0 29 
13 0 0 3 0 0 0 
14 5 0 14 2 0 4 
15 8 0 6 1 0 4 
16 0 0 0 0 0 0 
17 3 0 1 9 0 8 
18 62 0 59 0 0 0 
19 2 0 0 0 0 3 
20 0 0 0 0 0 0 
21 1 0 0 0 0 1 
22 22 0 49 0 0 0 
23 0 0 0 0 0 0 
24 5 0 13 0 0 1 
25 0 0 0 0 0 0 
26 25 0 18 16 0 31 
27 0 0 0 5 0 5 
28 0 0 0 0 0 0 
29 0 0 0 0 0 0 
30 0 0 0 0 0 0 
